0.81	Storage.BAT1	100	0.0524831	1.15289e-018	236.605
60.81	Storage.BAT1	100	0.0524831	1.15289e-018	236.605
120.81	Storage.BAT1	100	0.0524831	1.15289e-018	236.605
180.81	Storage.BAT1	100	0.0524831	1.15289e-018	236.605
240.81	Storage.BAT1	100	0.0524831	1.15289e-018	236.605
300.81	Storage.BAT1	100	0.0524831	1.15289e-018	236.605
360.81	Storage.BAT1	100	0.0524831	1.15289e-018	236.605
420.81	Storage.BAT1	100	0.0524831	1.15289e-018	236.605
480.81	Storage.BAT1	100	0.0524831	1.15289e-018	236.605
540.81	Storage.BAT1	100	0.0524831	1.15289e-018	236.605
600.81	Storage.BAT1	100	0.0524831	1.15289e-018	236.605
660.81	Storage.BAT1	100	0.0524831	1.15289e-018	236.605
720.81	Storage.BAT1	100	0.0524831	1.15289e-018	236.605
780.81	Storage.BAT1	100	0.0524831	1.15289e-018	236.605
840.81	Storage.BAT1	100	0.0524831	1.15289e-018	236.605
900.81	Storage.BAT1	100	0.0527258	-3.59427e-019	237.151
960.81	Storage.BAT1	100	0.0527258	-3.59427e-019	237.151
1020.81	Storage.BAT1	100.001	5	5.39291e-017	235.604
1080.81	Storage.BAT1	100.075	5	5.39291e-017	235.604
1140.81	Storage.BAT1	100.149	5	5.39291e-017	235.604
1200.81	Storage.BAT1	100.223	5	5.39291e-017	235.604
1260.81	Storage.BAT1	100.298	5	5.39291e-017	235.604
1320.81	Storage.BAT1	100.372	5	5.39291e-017	235.604
1380.81	Storage.BAT1	100.446	5	5.39291e-017	235.604
1440.81	Storage.BAT1	100.52	5	5.39291e-017	235.604
1500.81	Storage.BAT1	100.595	5	5.39291e-017	235.604
1560.81	Storage.BAT1	100.669	5	5.39291e-017	235.604
1620.81	Storage.BAT1	100.743	5	5.39291e-017	235.604
1680.81	Storage.BAT1	100.817	5	5.39291e-017	235.604
1740.81	Storage.BAT1	100.891	5	5.39291e-017	235.604
1800.81	Storage.BAT1	100.966	5	-9.31148e-017	236.06
1860.81	Storage.BAT1	101.04	5	-9.31148e-017	236.06
1920.81	Storage.BAT1	101.114	5	-9.31148e-017	236.06
1980.81	Storage.BAT1	101.188	5	-9.31148e-017	236.06
2040.81	Storage.BAT1	101.263	5	-9.31148e-017	236.06
2100.81	Storage.BAT1	101.337	5	-9.31148e-017	236.06
2160.81	Storage.BAT1	101.411	5	-9.31148e-017	236.06
2220.81	Storage.BAT1	101.485	5	-9.31148e-017	236.06
2280.81	Storage.BAT1	101.559	5	-9.31148e-017	236.06
2340.81	Storage.BAT1	101.634	5	-9.31148e-017	236.06
2400.81	Storage.BAT1	101.708	5	-9.31148e-017	236.06
2460.81	Storage.BAT1	101.782	5	-9.31148e-017	236.06
2520.81	Storage.BAT1	101.856	5	-9.31148e-017	236.06
2580.81	Storage.BAT1	101.93	5	-9.31148e-017	236.06
2640.81	Storage.BAT1	102.005	5	-9.31148e-017	236.06
2700.81	Storage.BAT1	102.079	5	1.54338e-017	236.63
2760.81	Storage.BAT1	102.153	5	1.54338e-017	236.63
2820.81	Storage.BAT1	102.227	5	1.54338e-017	236.63
2880.81	Storage.BAT1	102.302	5	1.54338e-017	236.63
2940.81	Storage.BAT1	102.376	5	1.54338e-017	236.63
3000.81	Storage.BAT1	102.45	5	1.54338e-017	236.63
3060.81	Storage.BAT1	102.524	5	1.54338e-017	236.63
3120.81	Storage.BAT1	102.598	5	1.54338e-017	236.63
3180.81	Storage.BAT1	102.673	5	1.54338e-017	236.63
3240.81	Storage.BAT1	102.747	5	1.54338e-017	236.63
3300.81	Storage.BAT1	102.821	5	1.54338e-017	236.63
3360.81	Storage.BAT1	102.895	5	1.54338e-017	236.63
3420.81	Storage.BAT1	102.969	5	1.54338e-017	236.63
3480.81	Storage.BAT1	103.044	5	1.54338e-017	236.63
3540.81	Storage.BAT1	103.118	5	1.54338e-017	236.63
3600.81	Storage.BAT1	103.192	5	3.32113e-017	236.856
3660.81	Storage.BAT1	103.266	5	3.32113e-017	236.856
3720.81	Storage.BAT1	103.341	5	3.32113e-017	236.856
3780.81	Storage.BAT1	103.415	5	3.32113e-017	236.856
3840.81	Storage.BAT1	103.489	5	3.32113e-017	236.856
3900.81	Storage.BAT1	103.563	5	3.32113e-017	236.856
3960.81	Storage.BAT1	103.637	5	3.32113e-017	236.856
4020.81	Storage.BAT1	103.712	5	3.32113e-017	236.856
4080.81	Storage.BAT1	103.786	5	3.32113e-017	236.856
4140.81	Storage.BAT1	103.86	5	3.32113e-017	236.856
4200.81	Storage.BAT1	103.934	5	3.32113e-017	236.856
4260.81	Storage.BAT1	104.008	5	3.32113e-017	236.856
4320.81	Storage.BAT1	104.083	5	3.32113e-017	236.856
4380.81	Storage.BAT1	104.157	5	3.32113e-017	236.856
4440.81	Storage.BAT1	104.231	5	3.32113e-017	236.856
4500.81	Storage.BAT1	104.305	5	1.0005e-016	237.049
4560.81	Storage.BAT1	104.379	5	1.0005e-016	237.049
4620.81	Storage.BAT1	104.454	5	1.0005e-016	237.049
4680.81	Storage.BAT1	104.528	5	1.0005e-016	237.049
4740.81	Storage.BAT1	104.602	5	1.0005e-016	237.049
4800.81	Storage.BAT1	104.676	5	1.0005e-016	237.049
4860.81	Storage.BAT1	104.751	5	1.0005e-016	237.049
4920.81	Storage.BAT1	104.825	5	1.0005e-016	237.049
4980.81	Storage.BAT1	104.899	5	1.0005e-016	237.049
5040.81	Storage.BAT1	104.973	5	1.0005e-016	237.049
5100.81	Storage.BAT1	105.047	5	1.0005e-016	237.049
5160.81	Storage.BAT1	105.122	5	1.0005e-016	237.049
5220.81	Storage.BAT1	105.196	5	1.0005e-016	237.049
5280.81	Storage.BAT1	105.27	5	1.0005e-016	237.049
5340.81	Storage.BAT1	105.344	5	1.0005e-016	237.049
5400.81	Storage.BAT1	105.418	5	-3.00151e-017	237.268
5460.81	Storage.BAT1	105.493	5	-3.00151e-017	237.268
5520.81	Storage.BAT1	105.567	5	-3.00151e-017	237.268
5580.81	Storage.BAT1	105.641	5	-3.00151e-017	237.268
5640.81	Storage.BAT1	105.715	5	-3.00151e-017	237.268
5700.81	Storage.BAT1	105.789	5	-3.00151e-017	237.268
5760.81	Storage.BAT1	105.864	5	-3.00151e-017	237.268
5820.81	Storage.BAT1	105.938	5	-3.00151e-017	237.268
5880.81	Storage.BAT1	106.012	5	-3.00151e-017	237.268
5940.81	Storage.BAT1	106.086	5	-3.00151e-017	237.268
6000.81	Storage.BAT1	106.16	5	-3.00151e-017	237.268
6060.81	Storage.BAT1	106.235	5	-3.00151e-017	237.268
6120.81	Storage.BAT1	106.309	5	-3.00151e-017	237.268
6180.81	Storage.BAT1	106.383	5	-3.00151e-017	237.268
6240.81	Storage.BAT1	106.457	5	-3.00151e-017	237.268
6300.81	Storage.BAT1	106.532	5	1.2775e-016	237.263
6360.81	Storage.BAT1	106.606	5	1.2775e-016	237.263
6420.81	Storage.BAT1	106.68	5	1.2775e-016	237.263
6480.81	Storage.BAT1	106.754	5	1.2775e-016	237.263
6540.81	Storage.BAT1	106.828	5	1.2775e-016	237.263
6600.81	Storage.BAT1	106.903	5	1.2775e-016	237.263
6660.81	Storage.BAT1	106.977	5	1.2775e-016	237.263
6720.81	Storage.BAT1	107.051	5	1.2775e-016	237.263
6780.81	Storage.BAT1	107.125	5	1.2775e-016	237.263
6840.81	Storage.BAT1	107.199	5	1.2775e-016	237.263
6900.81	Storage.BAT1	107.274	5	1.2775e-016	237.263
6960.81	Storage.BAT1	107.348	5	1.2775e-016	237.263
7020.81	Storage.BAT1	107.422	5	1.2775e-016	237.263
7080.81	Storage.BAT1	107.496	5	1.2775e-016	237.263
7140.81	Storage.BAT1	107.57	5	1.2775e-016	237.263
7200.81	Storage.BAT1	107.645	5	-1.59404e-017	237.432
7260.81	Storage.BAT1	107.719	5	-1.59404e-017	237.432
7320.81	Storage.BAT1	107.793	5	-1.59404e-017	237.432
7380.81	Storage.BAT1	107.867	5	-1.59404e-017	237.432
7440.81	Storage.BAT1	107.941	5	-1.59404e-017	237.432
7500.81	Storage.BAT1	108.016	5	-1.59404e-017	237.432
7560.81	Storage.BAT1	108.09	5	-1.59404e-017	237.432
7620.81	Storage.BAT1	108.164	5	-1.59404e-017	237.432
7680.81	Storage.BAT1	108.238	5	-1.59404e-017	237.432
7740.81	Storage.BAT1	108.313	5	-1.59404e-017	237.432
7800.81	Storage.BAT1	108.387	5	-1.59404e-017	237.432
7860.81	Storage.BAT1	108.461	5	-1.59404e-017	237.432
7920.81	Storage.BAT1	108.535	5	-1.59404e-017	237.432
7980.81	Storage.BAT1	108.609	5	-1.59404e-017	237.432
8040.81	Storage.BAT1	108.684	5	-1.59404e-017	237.432
8100.81	Storage.BAT1	108.758	5	-4.66242e-017	237.529
8160.81	Storage.BAT1	108.832	5	-4.66242e-017	237.529
8220.81	Storage.BAT1	108.906	5	-4.66242e-017	237.529
8280.81	Storage.BAT1	108.98	5	-4.66242e-017	237.529
8340.81	Storage.BAT1	109.055	5	-4.66242e-017	237.529
8400.81	Storage.BAT1	109.129	5	-4.66242e-017	237.529
8460.81	Storage.BAT1	109.203	5	-4.66242e-017	237.529
8520.81	Storage.BAT1	109.277	5	-4.66242e-017	237.529
8580.81	Storage.BAT1	109.351	5	-4.66242e-017	237.529
8640.81	Storage.BAT1	109.426	5	-4.66242e-017	237.529
8700.81	Storage.BAT1	109.5	5	-4.66242e-017	237.529
8760.81	Storage.BAT1	109.574	5	-4.66242e-017	237.529
8820.81	Storage.BAT1	109.648	5	-4.66242e-017	237.529
8880.81	Storage.BAT1	109.722	5	-4.66242e-017	237.529
8940.81	Storage.BAT1	109.797	5	-4.66242e-017	237.529
9000.81	Storage.BAT1	109.871	5	-2.00838e-017	237.503
9060.81	Storage.BAT1	109.945	5	-2.00838e-017	237.503
9120.81	Storage.BAT1	110.019	5	-2.00838e-017	237.503
9180.81	Storage.BAT1	110.093	5	-2.00838e-017	237.503
9240.81	Storage.BAT1	110.168	5	-2.00838e-017	237.503
9300.81	Storage.BAT1	110.242	5	-2.00838e-017	237.503
9360.81	Storage.BAT1	110.316	5	-2.00838e-017	237.503
9420.81	Storage.BAT1	110.39	5	-2.00838e-017	237.503
9480.81	Storage.BAT1	110.465	5	-2.00838e-017	237.503
9540.81	Storage.BAT1	110.539	5	-2.00838e-017	237.503
9600.81	Storage.BAT1	110.613	5	-2.00838e-017	237.503
9660.81	Storage.BAT1	110.687	5	-2.00838e-017	237.503
9720.81	Storage.BAT1	110.761	5	-2.00838e-017	237.503
9780.81	Storage.BAT1	110.836	5	-2.00838e-017	237.503
9840.81	Storage.BAT1	110.91	5	-2.00838e-017	237.503
9900.81	Storage.BAT1	110.984	5	6.39063e-017	237.398
9960.81	Storage.BAT1	111.058	5	6.39063e-017	237.398
10020.81	Storage.BAT1	111.132	5	6.39063e-017	237.398
10080.81	Storage.BAT1	111.207	5	6.39063e-017	237.398
10140.81	Storage.BAT1	111.281	5	6.39063e-017	237.398
10200.81	Storage.BAT1	111.355	5	6.39063e-017	237.398
10260.81	Storage.BAT1	111.429	5	6.39063e-017	237.398
10320.81	Storage.BAT1	111.503	5	6.39063e-017	237.398
10380.81	Storage.BAT1	111.578	5	6.39063e-017	237.398
10440.81	Storage.BAT1	111.652	5	6.39063e-017	237.398
10500.81	Storage.BAT1	111.726	5	6.39063e-017	237.398
10560.81	Storage.BAT1	111.8	5	6.39063e-017	237.398
10620.81	Storage.BAT1	111.874	5	6.39063e-017	237.398
10680.81	Storage.BAT1	111.949	5	6.39063e-017	237.398
10740.81	Storage.BAT1	112.023	5	6.39063e-017	237.398
10800.81	Storage.BAT1	112.097	5	2.94339e-017	237.492
10860.81	Storage.BAT1	112.171	5	2.94339e-017	237.492
10920.81	Storage.BAT1	112.245	5	2.94339e-017	237.492
10980.81	Storage.BAT1	112.32	5	2.94339e-017	237.492
11040.81	Storage.BAT1	112.394	5	2.94339e-017	237.492
11100.81	Storage.BAT1	112.468	5	2.94339e-017	237.492
11160.81	Storage.BAT1	112.542	5	2.94339e-017	237.492
11220.81	Storage.BAT1	112.617	5	2.94339e-017	237.492
11280.81	Storage.BAT1	112.691	5	2.94339e-017	237.492
11340.81	Storage.BAT1	112.765	5	2.94339e-017	237.492
11400.81	Storage.BAT1	112.839	5	2.94339e-017	237.492
11460.81	Storage.BAT1	112.913	5	2.94339e-017	237.492
11520.81	Storage.BAT1	112.988	5	2.94339e-017	237.492
11580.81	Storage.BAT1	113.062	5	2.94339e-017	237.492
11640.81	Storage.BAT1	113.136	5	2.94339e-017	237.492
11700.81	Storage.BAT1	113.21	5	2.95484e-017	237.563
11760.81	Storage.BAT1	113.284	5	2.95484e-017	237.563
11820.81	Storage.BAT1	113.359	5	2.95484e-017	237.563
11880.81	Storage.BAT1	113.433	5	2.95484e-017	237.563
11940.81	Storage.BAT1	113.507	5	2.95484e-017	237.563
12000.81	Storage.BAT1	113.581	5	2.95484e-017	237.563
12060.81	Storage.BAT1	113.655	5	2.95484e-017	237.563
12120.81	Storage.BAT1	113.73	5	2.95484e-017	237.563
12180.81	Storage.BAT1	113.804	5	2.95484e-017	237.563
12240.81	Storage.BAT1	113.878	5	2.95484e-017	237.563
12300.81	Storage.BAT1	113.952	5	2.95484e-017	237.563
12360.81	Storage.BAT1	114.026	5	2.95484e-017	237.563
12420.81	Storage.BAT1	114.101	5	2.95484e-017	237.563
12480.81	Storage.BAT1	114.175	5	2.95484e-017	237.563
12540.81	Storage.BAT1	114.249	5	2.95484e-017	237.563
12600.81	Storage.BAT1	114.323	5	3.59218e-017	237.51
12660.81	Storage.BAT1	114.397	5	3.59218e-017	237.51
12720.81	Storage.BAT1	114.472	5	3.59218e-017	237.51
12780.81	Storage.BAT1	114.546	5	3.59218e-017	237.51
12840.81	Storage.BAT1	114.62	5	3.59218e-017	237.51
12900.81	Storage.BAT1	114.694	5	3.59218e-017	237.51
12960.81	Storage.BAT1	114.769	5	3.59218e-017	237.51
13020.81	Storage.BAT1	114.843	5	3.59218e-017	237.51
13080.81	Storage.BAT1	114.917	5	3.59218e-017	237.51
13140.81	Storage.BAT1	114.991	5	3.59218e-017	237.51
13200.81	Storage.BAT1	115.065	5	3.59218e-017	237.51
13260.81	Storage.BAT1	115.14	5	3.59218e-017	237.51
13320.81	Storage.BAT1	115.214	5	3.59218e-017	237.51
13380.81	Storage.BAT1	115.288	5	3.59218e-017	237.51
13440.81	Storage.BAT1	115.362	5	3.59218e-017	237.51
13500.81	Storage.BAT1	115.436	5	1.12244e-016	237.532
13560.81	Storage.BAT1	115.511	5	1.12244e-016	237.532
13620.81	Storage.BAT1	115.585	5	1.12244e-016	237.532
13680.81	Storage.BAT1	115.659	5	1.12244e-016	237.532
13740.81	Storage.BAT1	115.733	5	1.12244e-016	237.532
13800.81	Storage.BAT1	115.807	5	1.12244e-016	237.532
13860.81	Storage.BAT1	115.882	5	1.12244e-016	237.532
13920.81	Storage.BAT1	115.956	5	1.12244e-016	237.532
13980.81	Storage.BAT1	116.03	5	1.12244e-016	237.532
14040.81	Storage.BAT1	116.104	5	1.12244e-016	237.532
14100.81	Storage.BAT1	116.178	5	1.12244e-016	237.532
14160.81	Storage.BAT1	116.253	5	1.12244e-016	237.532
14220.81	Storage.BAT1	116.327	5	1.12244e-016	237.532
14280.81	Storage.BAT1	116.401	5	1.12244e-016	237.532
14340.81	Storage.BAT1	116.475	5	1.12244e-016	237.532
14400.81	Storage.BAT1	116.549	5	6.39254e-017	237.62
14460.81	Storage.BAT1	116.624	5	6.39254e-017	237.62
14520.81	Storage.BAT1	116.698	5	6.39254e-017	237.62
14580.81	Storage.BAT1	116.772	5	6.39254e-017	237.62
14640.81	Storage.BAT1	116.846	5	6.39254e-017	237.62
14700.81	Storage.BAT1	116.92	5	6.39254e-017	237.62
14760.81	Storage.BAT1	116.995	5	6.39254e-017	237.62
14820.81	Storage.BAT1	117.069	5	6.39254e-017	237.62
14880.81	Storage.BAT1	117.143	5	6.39254e-017	237.62
14940.81	Storage.BAT1	117.217	5	6.39254e-017	237.62
15000.81	Storage.BAT1	117.292	5	6.39254e-017	237.62
15060.81	Storage.BAT1	117.366	5	6.39254e-017	237.62
15120.81	Storage.BAT1	117.44	5	6.39254e-017	237.62
15180.81	Storage.BAT1	117.514	5	6.39254e-017	237.62
15240.81	Storage.BAT1	117.588	5	6.39254e-017	237.62
15300.81	Storage.BAT1	117.663	5	-1.32481e-017	237.709
15360.81	Storage.BAT1	117.737	5	-1.32481e-017	237.709
15420.81	Storage.BAT1	117.811	5	-1.32481e-017	237.709
15480.81	Storage.BAT1	117.885	5	-1.32481e-017	237.709
15540.81	Storage.BAT1	117.959	5	-1.32481e-017	237.709
15600.81	Storage.BAT1	118.034	5	-1.32481e-017	237.709
15660.81	Storage.BAT1	118.108	5	-1.32481e-017	237.709
15720.81	Storage.BAT1	118.182	5	-1.32481e-017	237.709
15780.81	Storage.BAT1	118.256	5	-1.32481e-017	237.709
15840.81	Storage.BAT1	118.33	5	-1.32481e-017	237.709
15900.81	Storage.BAT1	118.405	5	-1.32481e-017	237.709
15960.81	Storage.BAT1	118.479	5	-1.32481e-017	237.709
16020.81	Storage.BAT1	118.552	0.0536595	-1.74042e-018	239.242
16080.81	Storage.BAT1	118.552	0.0536595	-1.74042e-018	239.242
16140.81	Storage.BAT1	118.552	0.0536595	-1.74042e-018	239.242
16200.81	Storage.BAT1	118.552	0.0535123	-4.77456e-020	238.914
16260.81	Storage.BAT1	118.552	0.0535123	-4.77456e-020	238.914
16320.81	Storage.BAT1	118.552	0.0535123	-4.77456e-020	238.914
16380.81	Storage.BAT1	118.552	0.0535123	-4.77456e-020	238.914
16440.81	Storage.BAT1	118.552	0.0535123	-4.77456e-020	238.914
16500.81	Storage.BAT1	118.552	0.0535123	-4.77456e-020	238.914
16560.81	Storage.BAT1	118.552	0.0535123	-4.77456e-020	238.914
16620.81	Storage.BAT1	118.552	0.0535123	-4.77456e-020	238.914
16680.81	Storage.BAT1	118.552	0.0535123	-4.77456e-020	238.914
16740.81	Storage.BAT1	118.552	0.0535123	-4.77456e-020	238.914
16800.81	Storage.BAT1	118.552	0.0535123	-4.77456e-020	238.914
16860.81	Storage.BAT1	118.552	0.0535123	-4.77456e-020	238.914
16920.81	Storage.BAT1	118.552	0.0535123	-4.77456e-020	238.914
16980.81	Storage.BAT1	118.552	0.0535123	-4.77456e-020	238.914
17040.81	Storage.BAT1	118.552	0.0535123	-4.77456e-020	238.914
17100.81	Storage.BAT1	118.552	0.0534838	-1.27452e-018	238.85
17160.81	Storage.BAT1	118.552	0.0534838	-1.27452e-018	238.85
17220.81	Storage.BAT1	118.552	0.0534838	-1.27452e-018	238.85
17280.81	Storage.BAT1	118.552	0.0534838	-1.27452e-018	238.85
17340.81	Storage.BAT1	118.552	0.0534838	-1.27452e-018	238.85
17400.81	Storage.BAT1	118.552	0.0534838	-1.27452e-018	238.85
17460.81	Storage.BAT1	118.552	0.0534838	-1.27452e-018	238.85
17520.81	Storage.BAT1	118.552	0.0534838	-1.27452e-018	238.85
17580.81	Storage.BAT1	118.552	0.0534838	-1.27452e-018	238.85
17640.81	Storage.BAT1	118.552	0.0534838	-1.27452e-018	238.85
17700.81	Storage.BAT1	118.552	0.0534838	-1.27452e-018	238.85
17760.81	Storage.BAT1	118.552	0.0534838	-1.27452e-018	238.85
17820.81	Storage.BAT1	118.552	0.0534838	-1.27452e-018	238.85
17880.81	Storage.BAT1	118.552	0.0534838	-1.27452e-018	238.85
17940.81	Storage.BAT1	118.552	0.0534838	-1.27452e-018	238.85
18000.81	Storage.BAT1	118.552	0.0535148	5.92489e-019	238.919
18060.81	Storage.BAT1	118.552	0.0535148	5.92489e-019	238.919
18120.81	Storage.BAT1	118.552	0.0535148	5.92489e-019	238.919
18180.81	Storage.BAT1	118.552	0.0535148	5.92489e-019	238.919
18240.81	Storage.BAT1	118.552	0.0535148	5.92489e-019	238.919
18300.81	Storage.BAT1	118.552	0.0535148	5.92489e-019	238.919
18360.81	Storage.BAT1	118.552	0.0535148	5.92489e-019	238.919
18420.81	Storage.BAT1	118.552	0.0535148	5.92489e-019	238.919
18480.81	Storage.BAT1	118.552	0.0535148	5.92489e-019	238.919
18540.81	Storage.BAT1	118.552	0.0535148	5.92489e-019	238.919
18600.81	Storage.BAT1	118.552	0.0535148	5.92489e-019	238.919
18660.81	Storage.BAT1	118.552	0.0535148	5.92489e-019	238.919
18720.81	Storage.BAT1	118.552	0.0535148	5.92489e-019	238.919
18780.81	Storage.BAT1	118.552	0.0535148	5.92489e-019	238.919
18840.81	Storage.BAT1	118.552	0.0535148	5.92489e-019	238.919
18900.81	Storage.BAT1	118.552	0.0534413	2.29539e-019	238.755
18960.81	Storage.BAT1	118.552	0.0534413	2.29539e-019	238.755
19020.81	Storage.BAT1	118.552	0.0534413	2.29539e-019	238.755
19080.81	Storage.BAT1	118.552	0.0534413	2.29539e-019	238.755
19140.81	Storage.BAT1	118.552	0.0534413	2.29539e-019	238.755
19200.81	Storage.BAT1	118.552	0.0534413	2.29539e-019	238.755
19260.81	Storage.BAT1	118.552	0.0534413	2.29539e-019	238.755
19320.81	Storage.BAT1	118.552	0.0534413	2.29539e-019	238.755
19380.81	Storage.BAT1	118.552	0.0534413	2.29539e-019	238.755
19440.81	Storage.BAT1	118.552	0.0534413	2.29539e-019	238.755
19500.81	Storage.BAT1	118.552	0.0534413	2.29539e-019	238.755
19560.81	Storage.BAT1	118.552	0.0534413	2.29539e-019	238.755
19620.81	Storage.BAT1	118.552	0.0534413	2.29539e-019	238.755
19680.81	Storage.BAT1	118.552	0.0534413	2.29539e-019	238.755
19740.81	Storage.BAT1	118.552	0.0534413	2.29539e-019	238.755
19800.81	Storage.BAT1	118.552	0.0532048	-2.35116e-019	238.226
19860.81	Storage.BAT1	118.552	0.0532048	-2.35116e-019	238.226
19920.81	Storage.BAT1	118.552	0.0532048	-2.35116e-019	238.226
19980.81	Storage.BAT1	118.552	0.0532048	-2.35116e-019	238.226
20040.81	Storage.BAT1	118.552	0.0532048	-2.35116e-019	238.226
20100.81	Storage.BAT1	118.552	0.0532048	-2.35116e-019	238.226
20160.81	Storage.BAT1	118.552	0.0532048	-2.35116e-019	238.226
20220.81	Storage.BAT1	118.552	0.0532048	-2.35116e-019	238.226
20280.81	Storage.BAT1	118.552	0.0532048	-2.35116e-019	238.226
20340.81	Storage.BAT1	118.552	0.0532048	-2.35116e-019	238.226
20400.81	Storage.BAT1	118.552	0.0532048	-2.35116e-019	238.226
20460.81	Storage.BAT1	118.552	0.0532048	-2.35116e-019	238.226
20520.81	Storage.BAT1	118.552	0.0532048	-2.35116e-019	238.226
20580.81	Storage.BAT1	118.552	0.0532048	-2.35116e-019	238.226
20640.81	Storage.BAT1	118.552	0.0532048	-2.35116e-019	238.226
20700.81	Storage.BAT1	118.552	0.0530018	1.12371e-019	237.771
20760.81	Storage.BAT1	118.552	0.0530018	1.12371e-019	237.771
20820.81	Storage.BAT1	118.552	0.0530018	1.12371e-019	237.771
20880.81	Storage.BAT1	118.552	0.0530018	1.12371e-019	237.771
20940.81	Storage.BAT1	118.552	0.0530018	1.12371e-019	237.771
21000.81	Storage.BAT1	118.552	0.0530018	1.12371e-019	237.771
21060.81	Storage.BAT1	118.552	0.0530018	1.12371e-019	237.771
21120.81	Storage.BAT1	118.552	0.0530018	1.12371e-019	237.771
21180.81	Storage.BAT1	118.552	0.0530018	1.12371e-019	237.771
21240.81	Storage.BAT1	118.552	0.0530018	1.12371e-019	237.771
21300.81	Storage.BAT1	118.552	0.0530018	1.12371e-019	237.771
21360.81	Storage.BAT1	118.552	0.0530018	1.12371e-019	237.771
21420.81	Storage.BAT1	118.552	0.0530018	1.12371e-019	237.771
21480.81	Storage.BAT1	118.552	0.0530018	1.12371e-019	237.771
21540.81	Storage.BAT1	118.552	0.0530018	1.12371e-019	237.771
21600.81	Storage.BAT1	118.552	0.0523375	1.17722e-018	236.277
21660.81	Storage.BAT1	118.552	0.0523375	1.17722e-018	236.277
21720.81	Storage.BAT1	118.552	0.0523375	1.17722e-018	236.277
21780.81	Storage.BAT1	118.552	0.0523375	1.17722e-018	236.277
21840.81	Storage.BAT1	118.552	0.0523375	1.17722e-018	236.277
21900.81	Storage.BAT1	118.552	0.0523375	1.17722e-018	236.277
21960.81	Storage.BAT1	118.552	0.0523375	1.17722e-018	236.277
22020.81	Storage.BAT1	118.552	0.0523375	1.17722e-018	236.277
22080.81	Storage.BAT1	118.552	0.0523375	1.17722e-018	236.277
22140.81	Storage.BAT1	118.552	0.0523375	1.17722e-018	236.277
22200.81	Storage.BAT1	118.552	0.0523375	1.17722e-018	236.277
22260.81	Storage.BAT1	118.552	0.0523375	1.17722e-018	236.277
22320.81	Storage.BAT1	118.552	0.0523375	1.17722e-018	236.277
22380.81	Storage.BAT1	118.552	0.0523375	1.17722e-018	236.277
22440.81	Storage.BAT1	118.552	0.0523375	1.17722e-018	236.277
22500.81	Storage.BAT1	118.552	0.0519029	3.76275e-018	235.294
22560.81	Storage.BAT1	118.552	0.0519029	3.76275e-018	235.294
22620.81	Storage.BAT1	118.552	0.0519029	3.76275e-018	235.294
22680.81	Storage.BAT1	118.552	0.0519029	3.76275e-018	235.294
22740.81	Storage.BAT1	118.552	0.0519029	3.76275e-018	235.294
22800.81	Storage.BAT1	118.552	0.0519029	3.76275e-018	235.294
22860.81	Storage.BAT1	118.552	0.0519029	3.76275e-018	235.294
22920.81	Storage.BAT1	118.552	0.0519029	3.76275e-018	235.294
22980.81	Storage.BAT1	118.552	0.0519029	3.76275e-018	235.294
23040.81	Storage.BAT1	118.552	0.0519029	3.76275e-018	235.294
23100.81	Storage.BAT1	118.552	0.0519029	3.76275e-018	235.294
23160.81	Storage.BAT1	118.552	0.0519029	3.76275e-018	235.294
23220.81	Storage.BAT1	118.552	0.0519029	3.76275e-018	235.294
23280.81	Storage.BAT1	118.552	0.0519029	3.76275e-018	235.294
23340.81	Storage.BAT1	118.552	0.0519029	3.76275e-018	235.294
23400.81	Storage.BAT1	118.552	0.051257	-2.33496e-019	233.825
23460.81	Storage.BAT1	118.552	0.051257	-2.33496e-019	233.825
23520.81	Storage.BAT1	118.552	0.051257	-2.33496e-019	233.825
23580.81	Storage.BAT1	118.552	0.051257	-2.33496e-019	233.825
23640.81	Storage.BAT1	118.552	0.051257	-2.33496e-019	233.825
23700.81	Storage.BAT1	118.552	0.051257	-2.33496e-019	233.825
23760.81	Storage.BAT1	118.552	0.051257	-2.33496e-019	233.825
23820.81	Storage.BAT1	118.552	0.051257	-2.33496e-019	233.825
23880.81	Storage.BAT1	118.552	0.051257	-2.33496e-019	233.825
23940.81	Storage.BAT1	118.552	0.051257	-2.33496e-019	233.825
24000.81	Storage.BAT1	118.552	0.051257	-2.33496e-019	233.825
24060.81	Storage.BAT1	118.552	0.051257	-2.33496e-019	233.825
24120.81	Storage.BAT1	118.552	0.051257	-2.33496e-019	233.825
24180.81	Storage.BAT1	118.552	0.051257	-2.33496e-019	233.825
24240.81	Storage.BAT1	118.552	0.051257	-2.33496e-019	233.825
24300.81	Storage.BAT1	118.552	0.0507786	9.98862e-019	232.731
24360.81	Storage.BAT1	118.552	0.0507786	9.98862e-019	232.731
24420.81	Storage.BAT1	118.552	0.0507786	9.98862e-019	232.731
24480.81	Storage.BAT1	118.552	0.0507786	9.98862e-019	232.731
24540.81	Storage.BAT1	118.552	0.0507786	9.98862e-019	232.731
24600.81	Storage.BAT1	118.552	0.0507786	9.98862e-019	232.731
24660.81	Storage.BAT1	118.552	0.0507786	9.98862e-019	232.731
24720.81	Storage.BAT1	118.552	0.0507786	9.98862e-019	232.731
24780.81	Storage.BAT1	118.552	0.0507786	9.98862e-019	232.731
24840.81	Storage.BAT1	118.552	0.0507786	9.98862e-019	232.731
24900.81	Storage.BAT1	118.552	0.0507786	9.98862e-019	232.731
24960.81	Storage.BAT1	118.552	0.0507786	9.98862e-019	232.731
25020.81	Storage.BAT1	118.552	0.0507786	9.98862e-019	232.731
25080.81	Storage.BAT1	118.552	0.0507786	9.98862e-019	232.731
25140.81	Storage.BAT1	118.552	0.0507786	9.98862e-019	232.731
25200.81	Storage.BAT1	118.552	0.0504065	-3.42337e-019	231.877
25260.81	Storage.BAT1	118.552	0.0504065	-3.42337e-019	231.877
25320.81	Storage.BAT1	118.552	0.0504065	-3.42337e-019	231.877
25380.81	Storage.BAT1	118.552	0.0504065	-3.42337e-019	231.877
25440.81	Storage.BAT1	118.552	0.0504065	-3.42337e-019	231.877
25500.81	Storage.BAT1	118.552	0.0504065	-3.42337e-019	231.877
25560.81	Storage.BAT1	118.552	0.0504065	-3.42337e-019	231.877
25620.81	Storage.BAT1	118.552	0.0504065	-3.42337e-019	231.877
25680.81	Storage.BAT1	118.552	0.0504065	-3.42337e-019	231.877
25740.81	Storage.BAT1	118.552	0.0504065	-3.42337e-019	231.877
25800.81	Storage.BAT1	118.552	0.0504065	-3.42337e-019	231.877
25860.81	Storage.BAT1	118.552	0.0504065	-3.42337e-019	231.877
25920.81	Storage.BAT1	118.552	0.0504065	-3.42337e-019	231.877
25980.81	Storage.BAT1	118.552	0.0504065	-3.42337e-019	231.877
26040.81	Storage.BAT1	118.552	0.0504065	-3.42337e-019	231.877
26100.81	Storage.BAT1	118.552	0.0500207	3.43882e-019	230.988
26160.81	Storage.BAT1	118.552	0.0500207	3.43882e-019	230.988
26220.81	Storage.BAT1	118.552	0.0500207	3.43882e-019	230.988
26280.81	Storage.BAT1	118.552	0.0500207	3.43882e-019	230.988
26340.81	Storage.BAT1	118.552	0.0500207	3.43882e-019	230.988
26400.81	Storage.BAT1	118.552	0.0500207	3.43882e-019	230.988
26460.81	Storage.BAT1	118.552	0.0500207	3.43882e-019	230.988
26520.81	Storage.BAT1	118.552	0.0500207	3.43882e-019	230.988
26580.81	Storage.BAT1	118.552	0.0500207	3.43882e-019	230.988
26640.81	Storage.BAT1	118.552	0.0500207	3.43882e-019	230.988
26700.81	Storage.BAT1	118.552	0.0500207	3.43882e-019	230.988
26760.81	Storage.BAT1	118.552	0.0500207	3.43882e-019	230.988
26820.81	Storage.BAT1	118.552	0.0500207	3.43882e-019	230.988
26880.81	Storage.BAT1	118.552	0.0500207	3.43882e-019	230.988
26940.81	Storage.BAT1	118.552	0.0500207	3.43882e-019	230.988
27000.81	Storage.BAT1	118.552	0.0498222	-5.79913e-020	230.529
27060.81	Storage.BAT1	118.552	0.0498222	-5.79913e-020	230.529
27120.81	Storage.BAT1	118.552	0.0498222	-5.79913e-020	230.529
27180.81	Storage.BAT1	118.552	0.0498222	-5.79913e-020	230.529
27240.81	Storage.BAT1	118.552	0.0498222	-5.79913e-020	230.529
27300.81	Storage.BAT1	118.552	0.0498222	-5.79913e-020	230.529
27360.81	Storage.BAT1	118.552	0.0498222	-5.79913e-020	230.529
27420.81	Storage.BAT1	118.552	0.0498222	-5.79913e-020	230.529
27480.81	Storage.BAT1	118.552	0.0498222	-5.79913e-020	230.529
27540.81	Storage.BAT1	118.552	0.0498222	-5.79913e-020	230.529
27600.81	Storage.BAT1	118.552	0.0498222	-5.79913e-020	230.529
27660.81	Storage.BAT1	118.552	0.0498222	-5.79913e-020	230.529
27720.81	Storage.BAT1	118.552	0.0498222	-5.79913e-020	230.529
27780.81	Storage.BAT1	118.552	0.0498222	-5.79913e-020	230.529
27840.81	Storage.BAT1	118.552	0.0498222	-5.79913e-020	230.529
27900.81	Storage.BAT1	118.552	0.0498672	5.88844e-019	230.633
27960.81	Storage.BAT1	118.552	0.0498672	5.88844e-019	230.633
28020.81	Storage.BAT1	118.552	0.0498672	5.88844e-019	230.633
28080.81	Storage.BAT1	118.552	0.0498672	5.88844e-019	230.633
28140.81	Storage.BAT1	118.552	0.0498672	5.88844e-019	230.633
28200.81	Storage.BAT1	118.552	0.0498672	5.88844e-019	230.633
28260.81	Storage.BAT1	118.552	0.0498672	5.88844e-019	230.633
28320.81	Storage.BAT1	118.552	0.0498672	5.88844e-019	230.633
28380.81	Storage.BAT1	118.552	0.0498672	5.88844e-019	230.633
28440.81	Storage.BAT1	118.552	0.0498672	5.88844e-019	230.633
28500.81	Storage.BAT1	118.552	0.0498672	5.88844e-019	230.633
28560.81	Storage.BAT1	118.552	0.0498672	5.88844e-019	230.633
28620.81	Storage.BAT1	118.552	0.0498672	5.88844e-019	230.633
28680.81	Storage.BAT1	118.552	0.0498672	5.88844e-019	230.633
28740.81	Storage.BAT1	118.552	0.0498672	5.88844e-019	230.633
28800.81	Storage.BAT1	118.552	0.0498604	-1.25774e-018	230.617
28860.81	Storage.BAT1	118.552	0.0498604	-1.25774e-018	230.617
28920.81	Storage.BAT1	118.552	0.0498604	-1.25774e-018	230.617
28980.81	Storage.BAT1	118.552	0.0498604	-1.25774e-018	230.617
29040.81	Storage.BAT1	118.552	0.0498604	-1.25774e-018	230.617
29100.81	Storage.BAT1	118.552	0.0498604	-1.25774e-018	230.617
29160.81	Storage.BAT1	118.552	0.0498604	-1.25774e-018	230.617
29220.81	Storage.BAT1	118.552	0.0498604	-1.25774e-018	230.617
29280.81	Storage.BAT1	118.552	0.0498604	-1.25774e-018	230.617
29340.81	Storage.BAT1	118.552	0.0498604	-1.25774e-018	230.617
29400.81	Storage.BAT1	118.552	0.0498604	-1.25774e-018	230.617
29460.81	Storage.BAT1	118.552	0.0498604	-1.25774e-018	230.617
29520.81	Storage.BAT1	118.552	0.0498604	-1.25774e-018	230.617
29580.81	Storage.BAT1	118.552	0.0498604	-1.25774e-018	230.617
29640.81	Storage.BAT1	118.552	0.0498604	-1.25774e-018	230.617
29700.81	Storage.BAT1	118.552	0.0498299	-3.99922e-019	230.547
29760.81	Storage.BAT1	118.552	0.0498299	-3.99922e-019	230.547
29820.81	Storage.BAT1	118.552	0.0498299	-3.99922e-019	230.547
29880.81	Storage.BAT1	118.552	0.0498299	-3.99922e-019	230.547
29940.81	Storage.BAT1	118.552	0.0498299	-3.99922e-019	230.547
30000.81	Storage.BAT1	118.552	0.0498299	-3.99922e-019	230.547
30060.81	Storage.BAT1	118.552	0.0498299	-3.99922e-019	230.547
30120.81	Storage.BAT1	118.552	0.0498299	-3.99922e-019	230.547
30180.81	Storage.BAT1	118.552	0.0498299	-3.99922e-019	230.547
30240.81	Storage.BAT1	118.552	0.0498299	-3.99922e-019	230.547
30300.81	Storage.BAT1	118.552	0.0498299	-3.99922e-019	230.547
30360.81	Storage.BAT1	118.552	0.0498299	-3.99922e-019	230.547
30420.81	Storage.BAT1	118.552	0.0498299	-3.99922e-019	230.547
30480.81	Storage.BAT1	118.552	0.0498299	-3.99922e-019	230.547
30540.81	Storage.BAT1	118.552	0.0498299	-3.99922e-019	230.547
30600.81	Storage.BAT1	118.552	0.049811	-1.27258e-020	230.503
30660.81	Storage.BAT1	118.552	0.049811	-1.27258e-020	230.503
30720.81	Storage.BAT1	118.552	0.049811	-1.27258e-020	230.503
30780.81	Storage.BAT1	118.552	0.049811	-1.27258e-020	230.503
30840.81	Storage.BAT1	118.552	0.049811	-1.27258e-020	230.503
30900.81	Storage.BAT1	118.552	0.049811	-1.27258e-020	230.503
30960.81	Storage.BAT1	118.552	0.049811	-1.27258e-020	230.503
31020.81	Storage.BAT1	118.552	0.049811	-1.27258e-020	230.503
31080.81	Storage.BAT1	118.552	0.049811	-1.27258e-020	230.503
31140.81	Storage.BAT1	118.552	0.049811	-1.27258e-020	230.503
31200.81	Storage.BAT1	118.552	0.049811	-1.27258e-020	230.503
31260.81	Storage.BAT1	118.552	0.049811	-1.27258e-020	230.503
31320.81	Storage.BAT1	118.552	0.049811	-1.27258e-020	230.503
31380.81	Storage.BAT1	118.552	0.049811	-1.27258e-020	230.503
31440.81	Storage.BAT1	118.552	0.049811	-1.27258e-020	230.503
31500.81	Storage.BAT1	118.552	0.0499035	5.00468e-019	230.717
31560.81	Storage.BAT1	118.552	0.0499035	5.00468e-019	230.717
31620.81	Storage.BAT1	118.552	0.0499035	5.00468e-019	230.717
31680.81	Storage.BAT1	118.552	0.0499035	5.00468e-019	230.717
31740.81	Storage.BAT1	118.552	0.0499035	5.00468e-019	230.717
31800.81	Storage.BAT1	118.552	0.0499035	5.00468e-019	230.717
31860.81	Storage.BAT1	118.552	0.0499035	5.00468e-019	230.717
31920.81	Storage.BAT1	118.552	0.0499035	5.00468e-019	230.717
31980.81	Storage.BAT1	118.552	0.0499035	5.00468e-019	230.717
32040.81	Storage.BAT1	118.552	0.0499035	5.00468e-019	230.717
32100.81	Storage.BAT1	118.552	0.0499035	5.00468e-019	230.717
32160.81	Storage.BAT1	118.552	0.0499035	5.00468e-019	230.717
32220.81	Storage.BAT1	118.552	0.0499035	5.00468e-019	230.717
32280.81	Storage.BAT1	118.552	0.0499035	5.00468e-019	230.717
32340.81	Storage.BAT1	118.552	0.0499035	5.00468e-019	230.717
32400.81	Storage.BAT1	118.552	0.0501804	5.40963e-019	231.356
32460.81	Storage.BAT1	118.552	0.0501804	5.40963e-019	231.356
32520.81	Storage.BAT1	118.552	0.0501804	5.40963e-019	231.356
32580.81	Storage.BAT1	118.552	0.0501804	5.40963e-019	231.356
32640.81	Storage.BAT1	118.552	0.0501804	5.40963e-019	231.356
32700.81	Storage.BAT1	118.552	0.0501804	5.40963e-019	231.356
32760.81	Storage.BAT1	118.552	0.0501804	5.40963e-019	231.356
32820.81	Storage.BAT1	118.552	0.0501804	5.40963e-019	231.356
32880.81	Storage.BAT1	118.552	0.0501804	5.40963e-019	231.356
32940.81	Storage.BAT1	118.552	0.0501804	5.40963e-019	231.356
33000.81	Storage.BAT1	118.552	0.0501804	5.40963e-019	231.356
33060.81	Storage.BAT1	118.552	0.0501804	5.40963e-019	231.356
33120.81	Storage.BAT1	118.552	0.0501804	5.40963e-019	231.356
33180.81	Storage.BAT1	118.552	0.0501804	5.40963e-019	231.356
33240.81	Storage.BAT1	118.552	0.0501804	5.40963e-019	231.356
33300.81	Storage.BAT1	118.552	0.0507307	7.88649e-019	232.622
33360.81	Storage.BAT1	118.552	0.0507307	7.88649e-019	232.622
33420.81	Storage.BAT1	118.552	0.0507307	7.88649e-019	232.622
33480.81	Storage.BAT1	118.552	0.0507307	7.88649e-019	232.622
33540.81	Storage.BAT1	118.552	0.0507307	7.88649e-019	232.622
33600.81	Storage.BAT1	118.552	0.0507307	7.88649e-019	232.622
33660.81	Storage.BAT1	118.552	0.0507307	7.88649e-019	232.622
33720.81	Storage.BAT1	118.552	0.0507307	7.88649e-019	232.622
33780.81	Storage.BAT1	118.552	0.0507307	7.88649e-019	232.622
33840.81	Storage.BAT1	118.552	0.0507307	7.88649e-019	232.622
33900.81	Storage.BAT1	118.552	0.0507307	7.88649e-019	232.622
33960.81	Storage.BAT1	118.552	0.0507307	7.88649e-019	232.622
34020.81	Storage.BAT1	118.552	0.0507307	7.88649e-019	232.622
34080.81	Storage.BAT1	118.552	0.0507307	7.88649e-019	232.622
34140.81	Storage.BAT1	118.552	0.0507307	7.88649e-019	232.622
34200.81	Storage.BAT1	118.552	0.0507967	-1.09904e-019	232.773
34260.81	Storage.BAT1	118.552	0.0507967	-1.09904e-019	232.773
34320.81	Storage.BAT1	118.552	0.0507967	-1.09904e-019	232.773
34380.81	Storage.BAT1	118.552	0.0507967	-1.09904e-019	232.773
34440.81	Storage.BAT1	118.552	0.0507967	-1.09904e-019	232.773
34500.81	Storage.BAT1	118.552	0.0507967	-1.09904e-019	232.773
34560.81	Storage.BAT1	118.552	0.0507967	-1.09904e-019	232.773
34620.81	Storage.BAT1	118.552	0.0507967	-1.09904e-019	232.773
34680.81	Storage.BAT1	118.552	0.0507967	-1.09904e-019	232.773
34740.81	Storage.BAT1	118.552	0.0507967	-1.09904e-019	232.773
34800.81	Storage.BAT1	118.552	0.0507967	-1.09904e-019	232.773
34860.81	Storage.BAT1	118.552	0.0507967	-1.09904e-019	232.773
34920.81	Storage.BAT1	118.552	0.0507967	-1.09904e-019	232.773
34980.81	Storage.BAT1	118.552	0.0507967	-1.09904e-019	232.773
35040.81	Storage.BAT1	118.552	0.0507967	-1.09904e-019	232.773
35100.81	Storage.BAT1	118.552	0.0514852	-3.88241e-018	234.345
35160.81	Storage.BAT1	118.552	0.0514852	-3.88241e-018	234.345
35220.81	Storage.BAT1	118.552	0.0514852	-3.88241e-018	234.345
35280.81	Storage.BAT1	118.552	0.0514852	-3.88241e-018	234.345
35340.81	Storage.BAT1	118.552	0.0514852	-3.88241e-018	234.345
35400.81	Storage.BAT1	118.552	0.0514852	-3.88241e-018	234.345
35460.81	Storage.BAT1	118.552	0.0514852	-3.88241e-018	234.345
35520.81	Storage.BAT1	118.552	0.0514852	-3.88241e-018	234.345
35580.81	Storage.BAT1	118.552	0.0514852	-3.88241e-018	234.345
35640.81	Storage.BAT1	118.552	0.0514852	-3.88241e-018	234.345
35700.81	Storage.BAT1	118.552	0.0514852	-3.88241e-018	234.345
35760.81	Storage.BAT1	118.552	0.0514852	-3.88241e-018	234.345
35820.81	Storage.BAT1	118.552	0.0514852	-3.88241e-018	234.345
35880.81	Storage.BAT1	118.552	0.0514852	-3.88241e-018	234.345
35940.81	Storage.BAT1	118.552	0.0514852	-3.88241e-018	234.345
36000.81	Storage.BAT1	118.552	0.0517864	8.00677e-019	235.029
36060.81	Storage.BAT1	118.552	0.0517864	8.00677e-019	235.029
36120.81	Storage.BAT1	118.552	0.0517864	8.00677e-019	235.029
36180.81	Storage.BAT1	118.552	0.0517864	8.00677e-019	235.029
36240.81	Storage.BAT1	118.552	0.0517864	8.00677e-019	235.029
36300.81	Storage.BAT1	118.552	0.0517864	8.00677e-019	235.029
36360.81	Storage.BAT1	118.552	0.0517864	8.00677e-019	235.029
36420.81	Storage.BAT1	118.552	0.0517864	8.00677e-019	235.029
36480.81	Storage.BAT1	118.552	0.0517864	8.00677e-019	235.029
36540.81	Storage.BAT1	118.552	0.0517864	8.00677e-019	235.029
36600.81	Storage.BAT1	118.552	0.0517864	8.00677e-019	235.029
36660.81	Storage.BAT1	118.552	0.0517864	8.00677e-019	235.029
36720.81	Storage.BAT1	118.552	0.0517864	8.00677e-019	235.029
36780.81	Storage.BAT1	118.552	0.0517864	8.00677e-019	235.029
36840.81	Storage.BAT1	118.552	0.0517864	8.00677e-019	235.029
36900.81	Storage.BAT1	118.552	0.0519783	-1.41493e-018	235.464
36960.81	Storage.BAT1	118.552	0.0519783	-1.41493e-018	235.464
37020.81	Storage.BAT1	118.552	0.0519783	-1.41493e-018	235.464
37080.81	Storage.BAT1	118.552	0.0519783	-1.41493e-018	235.464
37140.81	Storage.BAT1	118.552	0.0519783	-1.41493e-018	235.464
37200.81	Storage.BAT1	118.552	0.0519783	-1.41493e-018	235.464
37260.81	Storage.BAT1	118.552	0.0519783	-1.41493e-018	235.464
37320.81	Storage.BAT1	118.552	0.0519783	-1.41493e-018	235.464
37380.81	Storage.BAT1	118.552	0.0519783	-1.41493e-018	235.464
37440.81	Storage.BAT1	118.552	0.0519783	-1.41493e-018	235.464
37500.81	Storage.BAT1	118.552	0.0519783	-1.41493e-018	235.464
37560.81	Storage.BAT1	118.552	0.0519783	-1.41493e-018	235.464
37620.81	Storage.BAT1	118.552	0.0519783	-1.41493e-018	235.464
37680.81	Storage.BAT1	118.552	0.0519783	-1.41493e-018	235.464
37740.81	Storage.BAT1	118.552	0.0519783	-1.41493e-018	235.464
37800.81	Storage.BAT1	118.552	0.0519869	3.00916e-018	235.484
37860.81	Storage.BAT1	118.552	0.0519869	3.00916e-018	235.484
37920.81	Storage.BAT1	118.552	0.0519869	3.00916e-018	235.484
37980.81	Storage.BAT1	118.552	0.0519869	3.00916e-018	235.484
38040.81	Storage.BAT1	118.552	0.0519869	3.00916e-018	235.484
38100.81	Storage.BAT1	118.552	0.0519869	3.00916e-018	235.484
38160.81	Storage.BAT1	118.552	0.0519869	3.00916e-018	235.484
38220.81	Storage.BAT1	118.552	0.0519869	3.00916e-018	235.484
38280.81	Storage.BAT1	118.552	0.0519869	3.00916e-018	235.484
38340.81	Storage.BAT1	118.552	0.0519869	3.00916e-018	235.484
38400.81	Storage.BAT1	118.552	0.0519869	3.00916e-018	235.484
38460.81	Storage.BAT1	118.552	0.0519869	3.00916e-018	235.484
38520.81	Storage.BAT1	118.552	0.0519869	3.00916e-018	235.484
38580.81	Storage.BAT1	118.552	0.0519869	3.00916e-018	235.484
38640.81	Storage.BAT1	118.552	0.0519869	3.00916e-018	235.484
38700.81	Storage.BAT1	118.552	0.0521047	-4.86905e-019	235.751
38760.81	Storage.BAT1	118.552	0.0521047	-4.86905e-019	235.751
38820.81	Storage.BAT1	118.552	0.0521047	-4.86905e-019	235.751
38880.81	Storage.BAT1	118.552	0.0521047	-4.86905e-019	235.751
38940.81	Storage.BAT1	118.552	0.0521047	-4.86905e-019	235.751
39000.81	Storage.BAT1	118.552	0.0521047	-4.86905e-019	235.751
39060.81	Storage.BAT1	118.552	0.0521047	-4.86905e-019	235.751
39120.81	Storage.BAT1	118.552	0.0521047	-4.86905e-019	235.751
39180.81	Storage.BAT1	118.552	0.0521047	-4.86905e-019	235.751
39240.81	Storage.BAT1	118.552	0.0521047	-4.86905e-019	235.751
39300.81	Storage.BAT1	118.552	0.0521047	-4.86905e-019	235.751
39360.81	Storage.BAT1	118.552	0.0521047	-4.86905e-019	235.751
39420.81	Storage.BAT1	118.552	0.0521047	-4.86905e-019	235.751
39480.81	Storage.BAT1	118.552	0.0521047	-4.86905e-019	235.751
39540.81	Storage.BAT1	118.552	0.0521047	-4.86905e-019	235.751
39600.81	Storage.BAT1	118.552	0.0522312	-4.00521e-019	236.037
39660.81	Storage.BAT1	118.552	0.0522312	-4.00521e-019	236.037
39720.81	Storage.BAT1	118.552	0.0522312	-4.00521e-019	236.037
39780.81	Storage.BAT1	118.552	0.0522312	-4.00521e-019	236.037
39840.81	Storage.BAT1	118.552	0.0522312	-4.00521e-019	236.037
39900.81	Storage.BAT1	118.552	0.0522312	-4.00521e-019	236.037
39960.81	Storage.BAT1	118.552	0.0522312	-4.00521e-019	236.037
40020.81	Storage.BAT1	118.552	0.0522312	-4.00521e-019	236.037
40080.81	Storage.BAT1	118.552	0.0522312	-4.00521e-019	236.037
40140.81	Storage.BAT1	118.552	0.0522312	-4.00521e-019	236.037
40200.81	Storage.BAT1	118.552	0.0522312	-4.00521e-019	236.037
40260.81	Storage.BAT1	118.552	0.0522312	-4.00521e-019	236.037
40320.81	Storage.BAT1	118.552	0.0522312	-4.00521e-019	236.037
40380.81	Storage.BAT1	118.552	0.0522312	-4.00521e-019	236.037
40440.81	Storage.BAT1	118.552	0.0522312	-4.00521e-019	236.037
40500.81	Storage.BAT1	118.552	0.052573	2.71897e-019	236.808
40560.81	Storage.BAT1	118.552	0.052573	2.71897e-019	236.808
40620.81	Storage.BAT1	118.552	0.052573	2.71897e-019	236.808
40680.81	Storage.BAT1	118.552	0.052573	2.71897e-019	236.808
40740.81	Storage.BAT1	118.552	0.052573	2.71897e-019	236.808
40800.81	Storage.BAT1	118.552	0.052573	2.71897e-019	236.808
40860.81	Storage.BAT1	118.552	0.052573	2.71897e-019	236.808
40920.81	Storage.BAT1	118.552	0.052573	2.71897e-019	236.808
40980.81	Storage.BAT1	118.552	0.052573	2.71897e-019	236.808
41040.81	Storage.BAT1	118.552	0.052573	2.71897e-019	236.808
41100.81	Storage.BAT1	118.552	0.052573	2.71897e-019	236.808
41160.81	Storage.BAT1	118.552	0.052573	2.71897e-019	236.808
41220.81	Storage.BAT1	118.552	0.052573	2.71897e-019	236.808
41280.81	Storage.BAT1	118.552	0.052573	2.71897e-019	236.808
41340.81	Storage.BAT1	118.552	0.052573	2.71897e-019	236.808
41400.81	Storage.BAT1	118.552	0.0525857	-8.47843e-019	236.836
41460.81	Storage.BAT1	118.552	0.0525857	-8.47843e-019	236.836
41520.81	Storage.BAT1	118.552	0.0525857	-8.47843e-019	236.836
41580.81	Storage.BAT1	118.552	0.0525857	-8.47843e-019	236.836
41640.81	Storage.BAT1	118.552	0.0525857	-8.47843e-019	236.836
41700.81	Storage.BAT1	118.552	0.0525857	-8.47843e-019	236.836
41760.81	Storage.BAT1	118.552	0.0525857	-8.47843e-019	236.836
41820.81	Storage.BAT1	118.552	0.0525857	-8.47843e-019	236.836
41880.81	Storage.BAT1	118.552	0.0525857	-8.47843e-019	236.836
41940.81	Storage.BAT1	118.552	0.0525857	-8.47843e-019	236.836
42000.81	Storage.BAT1	118.552	0.0525857	-8.47843e-019	236.836
42060.81	Storage.BAT1	118.552	0.0525857	-8.47843e-019	236.836
42120.81	Storage.BAT1	118.552	0.0525857	-8.47843e-019	236.836
42180.81	Storage.BAT1	118.552	0.0525857	-8.47843e-019	236.836
42240.81	Storage.BAT1	118.552	0.0525857	-8.47843e-019	236.836
42300.81	Storage.BAT1	118.552	0.0526887	-3.84071e-019	237.068
42360.81	Storage.BAT1	118.552	0.0526887	-3.84071e-019	237.068
42420.81	Storage.BAT1	118.552	0.0526887	-3.84071e-019	237.068
42480.81	Storage.BAT1	118.552	0.0526887	-3.84071e-019	237.068
42540.81	Storage.BAT1	118.552	0.0526887	-3.84071e-019	237.068
42600.81	Storage.BAT1	118.552	0.0526887	-3.84071e-019	237.068
42660.81	Storage.BAT1	118.552	0.0526887	-3.84071e-019	237.068
42720.81	Storage.BAT1	118.552	0.0526887	-3.84071e-019	237.068
42780.81	Storage.BAT1	118.552	0.0526887	-3.84071e-019	237.068
42840.81	Storage.BAT1	118.552	0.0526887	-3.84071e-019	237.068
42900.81	Storage.BAT1	118.552	0.0526887	-3.84071e-019	237.068
42960.81	Storage.BAT1	118.552	0.0526887	-3.84071e-019	237.068
43020.81	Storage.BAT1	118.552	0.0526887	-3.84071e-019	237.068
43080.81	Storage.BAT1	118.552	0.0526887	-3.84071e-019	237.068
43140.81	Storage.BAT1	118.552	0.0526887	-3.84071e-019	237.068
43200.81	Storage.BAT1	118.552	0.0525885	5.37124e-019	236.843
43260.81	Storage.BAT1	118.552	0.0525885	5.37124e-019	236.843
43320.81	Storage.BAT1	118.552	0.0525885	5.37124e-019	236.843
43380.81	Storage.BAT1	118.552	0.0525885	5.37124e-019	236.843
43440.81	Storage.BAT1	118.552	0.0525885	5.37124e-019	236.843
43500.81	Storage.BAT1	118.552	0.0525885	5.37124e-019	236.843
43560.81	Storage.BAT1	118.552	0.0525885	5.37124e-019	236.843
43620.81	Storage.BAT1	118.552	0.0525885	5.37124e-019	236.843
43680.81	Storage.BAT1	118.552	0.0525885	5.37124e-019	236.843
43740.81	Storage.BAT1	118.552	0.0525885	5.37124e-019	236.843
43800.81	Storage.BAT1	118.552	0.0525885	5.37124e-019	236.843
43860.81	Storage.BAT1	118.552	0.0525885	5.37124e-019	236.843
43920.81	Storage.BAT1	118.552	0.0525885	5.37124e-019	236.843
43980.81	Storage.BAT1	118.552	0.0525885	5.37124e-019	236.843
44040.81	Storage.BAT1	118.552	0.0525885	5.37124e-019	236.843
44100.81	Storage.BAT1	118.552	0.052501	-6.16305e-019	236.646
44160.81	Storage.BAT1	118.552	0.052501	-6.16305e-019	236.646
44220.81	Storage.BAT1	118.552	0.052501	-6.16305e-019	236.646
44280.81	Storage.BAT1	118.552	0.052501	-6.16305e-019	236.646
44340.81	Storage.BAT1	118.552	0.052501	-6.16305e-019	236.646
44400.81	Storage.BAT1	118.552	0.052501	-6.16305e-019	236.646
44460.81	Storage.BAT1	118.552	0.052501	-6.16305e-019	236.646
44520.81	Storage.BAT1	118.552	0.052501	-6.16305e-019	236.646
44580.81	Storage.BAT1	118.552	0.052501	-6.16305e-019	236.646
44640.81	Storage.BAT1	118.552	0.052501	-6.16305e-019	236.646
44700.81	Storage.BAT1	118.552	0.052501	-6.16305e-019	236.646
44760.81	Storage.BAT1	118.552	0.052501	-6.16305e-019	236.646
44820.81	Storage.BAT1	118.552	0.052501	-6.16305e-019	236.646
44880.81	Storage.BAT1	118.552	0.052501	-6.16305e-019	236.646
44940.81	Storage.BAT1	118.552	0.052501	-6.16305e-019	236.646
45000.81	Storage.BAT1	118.552	0.0521192	-2.08239e-018	235.783
45060.81	Storage.BAT1	118.552	0.0521192	-2.08239e-018	235.783
45120.81	Storage.BAT1	118.552	0.0521192	-2.08239e-018	235.783
45180.81	Storage.BAT1	118.552	0.0521192	-2.08239e-018	235.783
45240.81	Storage.BAT1	118.552	0.0521192	-2.08239e-018	235.783
45300.81	Storage.BAT1	118.552	0.0521192	-2.08239e-018	235.783
45360.81	Storage.BAT1	118.552	0.0521192	-2.08239e-018	235.783
45420.81	Storage.BAT1	118.552	0.0521192	-2.08239e-018	235.783
45480.81	Storage.BAT1	118.552	0.0521192	-2.08239e-018	235.783
45540.81	Storage.BAT1	118.552	0.0521192	-2.08239e-018	235.783
45600.81	Storage.BAT1	118.552	0.0521192	-2.08239e-018	235.783
45660.81	Storage.BAT1	118.552	0.0521192	-2.08239e-018	235.783
45720.81	Storage.BAT1	118.552	0.0521192	-2.08239e-018	235.783
45780.81	Storage.BAT1	118.552	0.0521192	-2.08239e-018	235.783
45840.81	Storage.BAT1	118.552	0.0521192	-2.08239e-018	235.783
45900.81	Storage.BAT1	118.552	0.0520871	-1.45031e-018	235.711
45960.81	Storage.BAT1	118.552	0.0520871	-1.45031e-018	235.711
46020.81	Storage.BAT1	118.552	0.0520871	-1.45031e-018	235.711
46080.81	Storage.BAT1	118.552	0.0520871	-1.45031e-018	235.711
46140.81	Storage.BAT1	118.552	0.0520871	-1.45031e-018	235.711
46200.81	Storage.BAT1	118.552	0.0520871	-1.45031e-018	235.711
46260.81	Storage.BAT1	118.552	0.0520871	-1.45031e-018	235.711
46320.81	Storage.BAT1	118.552	0.0520871	-1.45031e-018	235.711
46380.81	Storage.BAT1	118.552	0.0520871	-1.45031e-018	235.711
46440.81	Storage.BAT1	118.552	0.0520871	-1.45031e-018	235.711
46500.81	Storage.BAT1	118.552	0.0520871	-1.45031e-018	235.711
46560.81	Storage.BAT1	118.552	0.0520871	-1.45031e-018	235.711
46620.81	Storage.BAT1	118.552	0.0520871	-1.45031e-018	235.711
46680.81	Storage.BAT1	118.552	0.0520871	-1.45031e-018	235.711
46740.81	Storage.BAT1	118.552	0.0520871	-1.45031e-018	235.711
46800.81	Storage.BAT1	118.552	0.0522705	3.32094e-018	236.125
46860.81	Storage.BAT1	118.552	0.0522705	3.32094e-018	236.125
46920.81	Storage.BAT1	118.552	0.0522705	3.32094e-018	236.125
46980.81	Storage.BAT1	118.552	0.0522705	3.32094e-018	236.125
47040.81	Storage.BAT1	118.552	0.0522705	3.32094e-018	236.125
47100.81	Storage.BAT1	118.552	0.0522705	3.32094e-018	236.125
47160.81	Storage.BAT1	118.552	0.0522705	3.32094e-018	236.125
47220.81	Storage.BAT1	118.552	0.0522705	3.32094e-018	236.125
47280.81	Storage.BAT1	118.552	0.0522705	3.32094e-018	236.125
47340.81	Storage.BAT1	118.552	0.0522705	3.32094e-018	236.125
47400.81	Storage.BAT1	118.552	0.0522705	3.32094e-018	236.125
47460.81	Storage.BAT1	118.552	0.0522705	3.32094e-018	236.125
47520.81	Storage.BAT1	118.552	0.0522705	3.32094e-018	236.125
47580.81	Storage.BAT1	118.552	0.0522705	3.32094e-018	236.125
47640.81	Storage.BAT1	118.552	0.0522705	3.32094e-018	236.125
47700.81	Storage.BAT1	118.552	0.0522145	-7.67378e-019	235.999
47760.81	Storage.BAT1	118.552	0.0522145	-7.67378e-019	235.999
47820.81	Storage.BAT1	118.552	0.0522145	-7.67378e-019	235.999
47880.81	Storage.BAT1	118.552	0.0522145	-7.67378e-019	235.999
47940.81	Storage.BAT1	118.552	0.0522145	-7.67378e-019	235.999
48000.81	Storage.BAT1	118.552	0.0522145	-7.67378e-019	235.999
48060.81	Storage.BAT1	118.552	0.0522145	-7.67378e-019	235.999
48120.81	Storage.BAT1	118.552	0.0522145	-7.67378e-019	235.999
48180.81	Storage.BAT1	118.552	0.0522145	-7.67378e-019	235.999
48240.81	Storage.BAT1	118.552	0.0522145	-7.67378e-019	235.999
48300.81	Storage.BAT1	118.552	0.0522145	-7.67378e-019	235.999
48360.81	Storage.BAT1	118.552	0.0522145	-7.67378e-019	235.999
48420.81	Storage.BAT1	118.552	0.0522145	-7.67378e-019	235.999
48480.81	Storage.BAT1	118.552	0.0522145	-7.67378e-019	235.999
48540.81	Storage.BAT1	118.552	0.0522145	-7.67378e-019	235.999
48600.81	Storage.BAT1	118.552	0.0521499	1.83407e-018	235.853
48660.81	Storage.BAT1	118.552	0.0521499	1.83407e-018	235.853
48720.81	Storage.BAT1	118.552	0.0521499	1.83407e-018	235.853
48780.81	Storage.BAT1	118.552	0.0521499	1.83407e-018	235.853
48840.81	Storage.BAT1	118.552	0.0521499	1.83407e-018	235.853
48900.81	Storage.BAT1	118.552	0.0521499	1.83407e-018	235.853
48960.81	Storage.BAT1	118.552	0.0521499	1.83407e-018	235.853
49020.81	Storage.BAT1	118.552	0.0521499	1.83407e-018	235.853
49080.81	Storage.BAT1	118.552	0.0521499	1.83407e-018	235.853
49140.81	Storage.BAT1	118.552	0.0521499	1.83407e-018	235.853
49200.81	Storage.BAT1	118.552	0.0521499	1.83407e-018	235.853
49260.81	Storage.BAT1	118.552	0.0521499	1.83407e-018	235.853
49320.81	Storage.BAT1	118.552	0.0521499	1.83407e-018	235.853
49380.81	Storage.BAT1	118.552	0.0521499	1.83407e-018	235.853
49440.81	Storage.BAT1	118.552	0.0521499	1.83407e-018	235.853
49500.81	Storage.BAT1	118.552	0.0521602	3.0294e-019	235.876
49560.81	Storage.BAT1	118.552	0.0521602	3.0294e-019	235.876
49620.81	Storage.BAT1	118.552	0.0521602	3.0294e-019	235.876
49680.81	Storage.BAT1	118.552	0.0521602	3.0294e-019	235.876
49740.81	Storage.BAT1	118.552	0.0521602	3.0294e-019	235.876
49800.81	Storage.BAT1	118.552	0.0521602	3.0294e-019	235.876
49860.81	Storage.BAT1	118.552	0.0521602	3.0294e-019	235.876
49920.81	Storage.BAT1	118.552	0.0521602	3.0294e-019	235.876
49980.81	Storage.BAT1	118.552	0.0521602	3.0294e-019	235.876
50040.81	Storage.BAT1	118.552	0.0521602	3.0294e-019	235.876
50100.81	Storage.BAT1	118.552	0.0521602	3.0294e-019	235.876
50160.81	Storage.BAT1	118.552	0.0521602	3.0294e-019	235.876
50220.81	Storage.BAT1	118.552	0.0521602	3.0294e-019	235.876
50280.81	Storage.BAT1	118.552	0.0521602	3.0294e-019	235.876
50340.81	Storage.BAT1	118.552	0.0521602	3.0294e-019	235.876
50400.81	Storage.BAT1	118.552	0.0526143	-7.63599e-019	236.901
50460.81	Storage.BAT1	118.552	0.0526143	-7.63599e-019	236.901
50520.81	Storage.BAT1	118.552	0.0526143	-7.63599e-019	236.901
50580.81	Storage.BAT1	118.552	0.0526143	-7.63599e-019	236.901
50640.81	Storage.BAT1	118.552	0.0526143	-7.63599e-019	236.901
50700.81	Storage.BAT1	118.552	0.0526143	-7.63599e-019	236.901
50760.81	Storage.BAT1	118.552	0.0526143	-7.63599e-019	236.901
50820.81	Storage.BAT1	118.552	0.0526143	-7.63599e-019	236.901
50880.81	Storage.BAT1	118.552	0.0526143	-7.63599e-019	236.901
50940.81	Storage.BAT1	118.552	0.0526143	-7.63599e-019	236.901
51000.81	Storage.BAT1	118.552	0.0526143	-7.63599e-019	236.901
51060.81	Storage.BAT1	118.552	0.0526143	-7.63599e-019	236.901
51120.81	Storage.BAT1	118.552	0.0526143	-7.63599e-019	236.901
51180.81	Storage.BAT1	118.552	0.0526143	-7.63599e-019	236.901
51240.81	Storage.BAT1	118.552	0.0526143	-7.63599e-019	236.901
51300.81	Storage.BAT1	118.552	0.0524617	4.04303e-018	236.557
51360.81	Storage.BAT1	118.552	0.0524617	4.04303e-018	236.557
51420.81	Storage.BAT1	118.552	0.0524617	4.04303e-018	236.557
51480.81	Storage.BAT1	118.552	0.0524617	4.04303e-018	236.557
51540.81	Storage.BAT1	118.552	0.0524617	4.04303e-018	236.557
51600.81	Storage.BAT1	118.552	0.0524617	4.04303e-018	236.557
51660.81	Storage.BAT1	118.552	0.0524617	4.04303e-018	236.557
51720.81	Storage.BAT1	118.552	0.0524617	4.04303e-018	236.557
51780.81	Storage.BAT1	118.552	0.0524617	4.04303e-018	236.557
51840.81	Storage.BAT1	118.552	0.0524617	4.04303e-018	236.557
51900.81	Storage.BAT1	118.552	0.0524617	4.04303e-018	236.557
51960.81	Storage.BAT1	118.552	0.0524617	4.04303e-018	236.557
52020.81	Storage.BAT1	118.552	0.0524617	4.04303e-018	236.557
52080.81	Storage.BAT1	118.552	0.0524617	4.04303e-018	236.557
52140.81	Storage.BAT1	118.552	0.0524617	4.04303e-018	236.557
52200.81	Storage.BAT1	118.552	0.0523911	-9.93173e-019	236.398
52260.81	Storage.BAT1	118.552	0.0523911	-9.93173e-019	236.398
52320.81	Storage.BAT1	118.552	0.0523911	-9.93173e-019	236.398
52380.81	Storage.BAT1	118.552	0.0523911	-9.93173e-019	236.398
52440.81	Storage.BAT1	118.552	0.0523911	-9.93173e-019	236.398
52500.81	Storage.BAT1	118.552	0.0523911	-9.93173e-019	236.398
52560.81	Storage.BAT1	118.552	0.0523911	-9.93173e-019	236.398
52620.81	Storage.BAT1	118.552	0.0523911	-9.93173e-019	236.398
52680.81	Storage.BAT1	118.552	0.0523911	-9.93173e-019	236.398
52740.81	Storage.BAT1	118.552	0.0523911	-9.93173e-019	236.398
52800.81	Storage.BAT1	118.552	0.0523911	-9.93173e-019	236.398
52860.81	Storage.BAT1	118.552	0.0523911	-9.93173e-019	236.398
52920.81	Storage.BAT1	118.552	0.0523911	-9.93173e-019	236.398
52980.81	Storage.BAT1	118.552	0.0523911	-9.93173e-019	236.398
53040.81	Storage.BAT1	118.552	0.0523911	-9.93173e-019	236.398
53100.81	Storage.BAT1	118.552	0.0522791	-3.84224e-019	236.145
53160.81	Storage.BAT1	118.552	0.0522791	-3.84224e-019	236.145
53220.81	Storage.BAT1	118.552	0.0522791	-3.84224e-019	236.145
53280.81	Storage.BAT1	118.552	0.0522791	-3.84224e-019	236.145
53340.81	Storage.BAT1	118.552	0.0522791	-3.84224e-019	236.145
53400.81	Storage.BAT1	118.552	0.0522791	-3.84224e-019	236.145
53460.81	Storage.BAT1	118.552	0.0522791	-3.84224e-019	236.145
53520.81	Storage.BAT1	118.552	0.0522791	-3.84224e-019	236.145
53580.81	Storage.BAT1	118.552	0.0522791	-3.84224e-019	236.145
53640.81	Storage.BAT1	118.552	0.0522791	-3.84224e-019	236.145
53700.81	Storage.BAT1	118.552	0.0522791	-3.84224e-019	236.145
53760.81	Storage.BAT1	118.552	0.0522791	-3.84224e-019	236.145
53820.81	Storage.BAT1	118.552	0.0522791	-3.84224e-019	236.145
53880.81	Storage.BAT1	118.552	0.0522791	-3.84224e-019	236.145
53940.81	Storage.BAT1	118.552	0.0522791	-3.84224e-019	236.145
54000.81	Storage.BAT1	118.552	0.0523226	-7.2013e-019	236.243
54060.81	Storage.BAT1	118.552	0.0523226	-7.2013e-019	236.243
54120.81	Storage.BAT1	118.552	0.0523226	-7.2013e-019	236.243
54180.81	Storage.BAT1	118.552	0.0523226	-7.2013e-019	236.243
54240.81	Storage.BAT1	118.552	0.0523226	-7.2013e-019	236.243
54300.81	Storage.BAT1	118.552	0.0523226	-7.2013e-019	236.243
54360.81	Storage.BAT1	118.552	0.0523226	-7.2013e-019	236.243
54420.81	Storage.BAT1	118.552	0.0523226	-7.2013e-019	236.243
54480.81	Storage.BAT1	118.552	0.0523226	-7.2013e-019	236.243
54540.81	Storage.BAT1	118.552	0.0523226	-7.2013e-019	236.243
54600.81	Storage.BAT1	118.552	0.0523226	-7.2013e-019	236.243
54660.81	Storage.BAT1	118.552	0.0523226	-7.2013e-019	236.243
54720.81	Storage.BAT1	118.552	0.0523226	-7.2013e-019	236.243
54780.81	Storage.BAT1	118.552	0.0523226	-7.2013e-019	236.243
54840.81	Storage.BAT1	118.552	0.0523226	-7.2013e-019	236.243
54900.81	Storage.BAT1	118.552	0.0522756	4.75639e-019	236.137
54960.81	Storage.BAT1	118.552	0.0522756	4.75639e-019	236.137
55020.81	Storage.BAT1	118.552	0.0522756	4.75639e-019	236.137
55080.81	Storage.BAT1	118.552	0.0522756	4.75639e-019	236.137
55140.81	Storage.BAT1	118.552	0.0522756	4.75639e-019	236.137
55200.81	Storage.BAT1	118.552	0.0522756	4.75639e-019	236.137
55260.81	Storage.BAT1	118.552	0.0522756	4.75639e-019	236.137
55320.81	Storage.BAT1	118.552	0.0522756	4.75639e-019	236.137
55380.81	Storage.BAT1	118.552	0.0522756	4.75639e-019	236.137
55440.81	Storage.BAT1	118.552	0.0522756	4.75639e-019	236.137
55500.81	Storage.BAT1	118.552	0.0522756	4.75639e-019	236.137
55560.81	Storage.BAT1	118.552	0.0522756	4.75639e-019	236.137
55620.81	Storage.BAT1	118.552	0.0522756	4.75639e-019	236.137
55680.81	Storage.BAT1	118.552	0.0522756	4.75639e-019	236.137
55740.81	Storage.BAT1	118.552	0.0522756	4.75639e-019	236.137
55800.81	Storage.BAT1	118.552	0.0520739	-1.60404e-018	235.681
55860.81	Storage.BAT1	118.552	0.0520739	-1.60404e-018	235.681
55920.81	Storage.BAT1	118.552	0.0520739	-1.60404e-018	235.681
55980.81	Storage.BAT1	118.552	0.0520739	-1.60404e-018	235.681
56040.81	Storage.BAT1	118.552	0.0520739	-1.60404e-018	235.681
56100.81	Storage.BAT1	118.552	0.0520739	-1.60404e-018	235.681
56160.81	Storage.BAT1	118.552	0.0520739	-1.60404e-018	235.681
56220.81	Storage.BAT1	118.552	0.0520739	-1.60404e-018	235.681
56280.81	Storage.BAT1	118.552	0.0520739	-1.60404e-018	235.681
56340.81	Storage.BAT1	118.552	0.0520739	-1.60404e-018	235.681
56400.81	Storage.BAT1	118.552	0.0520739	-1.60404e-018	235.681
56460.81	Storage.BAT1	118.552	0.0520739	-1.60404e-018	235.681
56520.81	Storage.BAT1	118.552	0.0520739	-1.60404e-018	235.681
56580.81	Storage.BAT1	118.552	0.0520739	-1.60404e-018	235.681
56640.81	Storage.BAT1	118.552	0.0520739	-1.60404e-018	235.681
56700.81	Storage.BAT1	118.552	0.0518974	-4.52319e-019	235.281
56760.81	Storage.BAT1	118.552	0.0518974	-4.52319e-019	235.281
56820.81	Storage.BAT1	118.552	0.0518974	-4.52319e-019	235.281
56880.81	Storage.BAT1	118.552	0.0518974	-4.52319e-019	235.281
56940.81	Storage.BAT1	118.552	0.0518974	-4.52319e-019	235.281
57000.81	Storage.BAT1	118.552	0.0518974	-4.52319e-019	235.281
57060.81	Storage.BAT1	118.552	0.0518974	-4.52319e-019	235.281
57120.81	Storage.BAT1	118.552	0.0518974	-4.52319e-019	235.281
57180.81	Storage.BAT1	118.552	0.0518974	-4.52319e-019	235.281
57240.81	Storage.BAT1	118.552	0.0518974	-4.52319e-019	235.281
57300.81	Storage.BAT1	118.552	0.0518974	-4.52319e-019	235.281
57360.81	Storage.BAT1	118.552	0.0518974	-4.52319e-019	235.281
57420.81	Storage.BAT1	118.552	0.0518974	-4.52319e-019	235.281
57480.81	Storage.BAT1	118.552	0.0518974	-4.52319e-019	235.281
57540.81	Storage.BAT1	118.552	0.0518974	-4.52319e-019	235.281
57600.81	Storage.BAT1	118.552	0.0517371	-9.14599e-019	234.918
57660.81	Storage.BAT1	118.552	0.0517371	-9.14599e-019	234.918
57720.81	Storage.BAT1	118.552	0.0517371	-9.14599e-019	234.918
57780.81	Storage.BAT1	118.552	0.0517371	-9.14599e-019	234.918
57840.81	Storage.BAT1	118.552	0.0517371	-9.14599e-019	234.918
57900.81	Storage.BAT1	118.552	0.0517371	-9.14599e-019	234.918
57960.81	Storage.BAT1	118.552	0.0517371	-9.14599e-019	234.918
58020.81	Storage.BAT1	118.552	0.0517371	-9.14599e-019	234.918
58080.81	Storage.BAT1	118.552	0.0517371	-9.14599e-019	234.918
58140.81	Storage.BAT1	118.552	0.0517371	-9.14599e-019	234.918
58200.81	Storage.BAT1	118.552	0.0517371	-9.14599e-019	234.918
58260.81	Storage.BAT1	118.552	0.0517371	-9.14599e-019	234.918
58320.81	Storage.BAT1	118.552	0.0517371	-9.14599e-019	234.918
58380.81	Storage.BAT1	118.552	0.0517371	-9.14599e-019	234.918
58440.81	Storage.BAT1	118.552	0.0517371	-9.14599e-019	234.918
58500.81	Storage.BAT1	118.552	0.051041	1.2487e-018	233.332
58560.81	Storage.BAT1	118.552	0.051041	1.2487e-018	233.332
58620.81	Storage.BAT1	118.552	0.051041	1.2487e-018	233.332
58680.81	Storage.BAT1	118.552	0.051041	1.2487e-018	233.332
58740.81	Storage.BAT1	118.552	0.051041	1.2487e-018	233.332
58800.81	Storage.BAT1	118.552	0.051041	1.2487e-018	233.332
58860.81	Storage.BAT1	118.552	0.051041	1.2487e-018	233.332
58920.81	Storage.BAT1	118.552	0.051041	1.2487e-018	233.332
58980.81	Storage.BAT1	118.552	0.051041	1.2487e-018	233.332
59040.81	Storage.BAT1	118.552	0.051041	1.2487e-018	233.332
59100.81	Storage.BAT1	118.552	0.051041	1.2487e-018	233.332
59160.81	Storage.BAT1	118.552	0.051041	1.2487e-018	233.332
59220.81	Storage.BAT1	118.552	0.051041	1.2487e-018	233.332
59280.81	Storage.BAT1	118.552	0.051041	1.2487e-018	233.332
59340.81	Storage.BAT1	118.552	0.051041	1.2487e-018	233.332
59400.81	Storage.BAT1	118.552	0.0507746	2.14875e-020	232.722
59460.81	Storage.BAT1	118.552	0.0507746	2.14875e-020	232.722
59520.81	Storage.BAT1	118.552	0.0507746	2.14875e-020	232.722
59580.81	Storage.BAT1	118.552	0.0507746	2.14875e-020	232.722
59640.81	Storage.BAT1	118.552	0.0507746	2.14875e-020	232.722
59700.81	Storage.BAT1	118.552	0.0507746	2.14875e-020	232.722
59760.81	Storage.BAT1	118.552	0.0507746	2.14875e-020	232.722
59820.81	Storage.BAT1	118.552	0.0507746	2.14875e-020	232.722
59880.81	Storage.BAT1	118.552	0.0507746	2.14875e-020	232.722
59940.81	Storage.BAT1	118.552	0.0507746	2.14875e-020	232.722
60000.81	Storage.BAT1	118.552	0.0507746	2.14875e-020	232.722
60060.81	Storage.BAT1	118.552	0.0507746	2.14875e-020	232.722
60120.81	Storage.BAT1	118.552	0.0507746	2.14875e-020	232.722
60180.81	Storage.BAT1	118.552	0.0507746	2.14875e-020	232.722
60240.81	Storage.BAT1	118.552	0.0507746	2.14875e-020	232.722
60300.81	Storage.BAT1	118.552	0.0508631	-8.61317e-019	232.925
60360.81	Storage.BAT1	118.552	0.0508631	-8.61317e-019	232.925
60420.81	Storage.BAT1	118.552	0.0508631	-8.61317e-019	232.925
60480.81	Storage.BAT1	118.552	0.0508631	-8.61317e-019	232.925
60540.81	Storage.BAT1	118.552	0.0508631	-8.61317e-019	232.925
60600.81	Storage.BAT1	118.552	0.0508631	-8.61317e-019	232.925
60660.81	Storage.BAT1	118.552	0.0508631	-8.61317e-019	232.925
60720.81	Storage.BAT1	118.552	0.0508631	-8.61317e-019	232.925
60780.81	Storage.BAT1	118.552	0.0508631	-8.61317e-019	232.925
60840.81	Storage.BAT1	118.552	0.0508631	-8.61317e-019	232.925
60900.81	Storage.BAT1	118.552	0.0508631	-8.61317e-019	232.925
60960.81	Storage.BAT1	118.552	0.0508631	-8.61317e-019	232.925
61020.81	Storage.BAT1	118.551	-5	-1.95594e-017	234.515
61080.81	Storage.BAT1	118.458	-5	-1.95594e-017	234.515
61140.81	Storage.BAT1	118.364	-5	-1.95594e-017	234.515
61200.81	Storage.BAT1	118.271	-5	2.56981e-016	234.254
61260.81	Storage.BAT1	118.177	-5	2.56981e-016	234.254
61320.81	Storage.BAT1	118.083	-5	2.56981e-016	234.254
61380.81	Storage.BAT1	117.99	-5	2.56981e-016	234.254
61440.81	Storage.BAT1	117.896	-5	2.56981e-016	234.254
61500.81	Storage.BAT1	117.803	-5	2.56981e-016	234.254
61560.81	Storage.BAT1	117.709	-5	2.56981e-016	234.254
61620.81	Storage.BAT1	117.616	-5	2.56981e-016	234.254
61680.81	Storage.BAT1	117.522	-5	2.56981e-016	234.254
61740.81	Storage.BAT1	117.429	-5	2.56981e-016	234.254
61800.81	Storage.BAT1	117.335	-5	2.56981e-016	234.254
61860.81	Storage.BAT1	117.242	-5	2.56981e-016	234.254
61920.81	Storage.BAT1	117.148	-5	2.56981e-016	234.254
61980.81	Storage.BAT1	117.054	-5	2.56981e-016	234.254
62040.81	Storage.BAT1	116.961	-5	2.56981e-016	234.254
62100.81	Storage.BAT1	116.867	-5	3.75504e-016	233.105
62160.81	Storage.BAT1	116.774	-5	3.75504e-016	233.105
62220.81	Storage.BAT1	116.68	-5	3.75504e-016	233.105
62280.81	Storage.BAT1	116.587	-5	3.75504e-016	233.105
62340.81	Storage.BAT1	116.493	-5	3.75504e-016	233.105
62400.81	Storage.BAT1	116.4	-5	3.75504e-016	233.105
62460.81	Storage.BAT1	116.306	-5	3.75504e-016	233.105
62520.81	Storage.BAT1	116.213	-5	3.75504e-016	233.105
62580.81	Storage.BAT1	116.119	-5	3.75504e-016	233.105
62640.81	Storage.BAT1	116.026	-5	3.75504e-016	233.105
62700.81	Storage.BAT1	115.932	-5	3.75504e-016	233.105
62760.81	Storage.BAT1	115.839	-5	3.75504e-016	233.105
62820.81	Storage.BAT1	115.745	-5	3.75504e-016	233.105
62880.81	Storage.BAT1	115.651	-5	3.75504e-016	233.105
62940.81	Storage.BAT1	115.558	-5	3.75504e-016	233.105
63000.81	Storage.BAT1	115.464	-5	3.41168e-017	232.864
63060.81	Storage.BAT1	115.371	-5	3.41168e-017	232.864
63120.81	Storage.BAT1	115.277	-5	3.41168e-017	232.864
63180.81	Storage.BAT1	115.184	-5	3.41168e-017	232.864
63240.81	Storage.BAT1	115.09	-5	3.41168e-017	232.864
63300.81	Storage.BAT1	114.997	-5	3.41168e-017	232.864
63360.81	Storage.BAT1	114.903	-5	3.41168e-017	232.864
63420.81	Storage.BAT1	114.81	-5	3.41168e-017	232.864
63480.81	Storage.BAT1	114.716	-5	3.41168e-017	232.864
63540.81	Storage.BAT1	114.623	-5	3.41168e-017	232.864
63600.81	Storage.BAT1	114.529	-5	3.41168e-017	232.864
63660.81	Storage.BAT1	114.435	-5	3.41168e-017	232.864
63720.81	Storage.BAT1	114.342	-5	3.41168e-017	232.864
63780.81	Storage.BAT1	114.248	-5	3.41168e-017	232.864
63840.81	Storage.BAT1	114.155	-5	3.41168e-017	232.864
63900.81	Storage.BAT1	114.061	-5	3.00213e-016	231.026
63960.81	Storage.BAT1	113.968	-5	3.00213e-016	231.026
64020.81	Storage.BAT1	113.874	-5	3.00213e-016	231.026
64080.81	Storage.BAT1	113.781	-5	3.00213e-016	231.026
64140.81	Storage.BAT1	113.687	-5	3.00213e-016	231.026
64200.81	Storage.BAT1	113.594	-5	3.00213e-016	231.026
64260.81	Storage.BAT1	113.5	-5	3.00213e-016	231.026
64320.81	Storage.BAT1	113.407	-5	3.00213e-016	231.026
64380.81	Storage.BAT1	113.313	-5	3.00213e-016	231.026
64440.81	Storage.BAT1	113.22	-5	3.00213e-016	231.026
64500.81	Storage.BAT1	113.126	-5	3.00213e-016	231.026
64560.81	Storage.BAT1	113.033	-5	3.00213e-016	231.026
64620.81	Storage.BAT1	112.939	-5	3.00213e-016	231.026
64680.81	Storage.BAT1	112.846	-5	3.00213e-016	231.026
64740.81	Storage.BAT1	112.752	-5	3.00213e-016	231.026
64800.81	Storage.BAT1	112.659	-5	3.22225e-017	230.613
64860.81	Storage.BAT1	112.565	-5	3.22225e-017	230.613
64920.81	Storage.BAT1	112.472	-5	3.22225e-017	230.613
64980.81	Storage.BAT1	112.378	-5	3.22225e-017	230.613
65040.81	Storage.BAT1	112.285	-5	3.22225e-017	230.613
65100.81	Storage.BAT1	112.191	-5	3.22225e-017	230.613
65160.81	Storage.BAT1	112.097	-5	3.22225e-017	230.613
65220.81	Storage.BAT1	112.004	-5	3.22225e-017	230.613
65280.81	Storage.BAT1	111.91	-5	3.22225e-017	230.613
65340.81	Storage.BAT1	111.817	-5	3.22225e-017	230.613
65400.81	Storage.BAT1	111.723	-5	3.22225e-017	230.613
65460.81	Storage.BAT1	111.63	-5	3.22225e-017	230.613
65520.81	Storage.BAT1	111.536	-5	3.22225e-017	230.613
65580.81	Storage.BAT1	111.443	-5	3.22225e-017	230.613
65640.81	Storage.BAT1	111.349	-5	3.22225e-017	230.613
65700.81	Storage.BAT1	111.256	-5	-2.04541e-017	229.619
65760.81	Storage.BAT1	111.162	-5	-2.04541e-017	229.619
65820.81	Storage.BAT1	111.069	-5	-2.04541e-017	229.619
65880.81	Storage.BAT1	110.975	-5	-2.04541e-017	229.619
65940.81	Storage.BAT1	110.882	-5	-2.04541e-017	229.619
66000.81	Storage.BAT1	110.788	-5	-2.04541e-017	229.619
66060.81	Storage.BAT1	110.695	-5	-2.04541e-017	229.619
66120.81	Storage.BAT1	110.601	-5	-2.04541e-017	229.619
66180.81	Storage.BAT1	110.508	-5	-2.04541e-017	229.619
66240.81	Storage.BAT1	110.414	-5	-2.04541e-017	229.619
66300.81	Storage.BAT1	110.321	-5	-2.04541e-017	229.619
66360.81	Storage.BAT1	110.227	-5	-2.04541e-017	229.619
66420.81	Storage.BAT1	110.134	-5	-2.04541e-017	229.619
66480.81	Storage.BAT1	110.04	-5	-2.04541e-017	229.619
66540.81	Storage.BAT1	109.947	-5	-2.04541e-017	229.619
66600.81	Storage.BAT1	109.853	-5	7.95631e-018	228.918
66660.81	Storage.BAT1	109.76	-5	7.95631e-018	228.918
66720.81	Storage.BAT1	109.666	-5	7.95631e-018	228.918
66780.81	Storage.BAT1	109.573	-5	7.95631e-018	228.918
66840.81	Storage.BAT1	109.479	-5	7.95631e-018	228.918
66900.81	Storage.BAT1	109.386	-5	7.95631e-018	228.918
66960.81	Storage.BAT1	109.292	-5	7.95631e-018	228.918
67020.81	Storage.BAT1	109.199	-5	7.95631e-018	228.918
67080.81	Storage.BAT1	109.105	-5	7.95631e-018	228.918
67140.81	Storage.BAT1	109.012	-5	7.95631e-018	228.918
67200.81	Storage.BAT1	108.918	-5	7.95631e-018	228.918
67260.81	Storage.BAT1	108.825	-5	7.95631e-018	228.918
67320.81	Storage.BAT1	108.731	-5	7.95631e-018	228.918
67380.81	Storage.BAT1	108.638	-5	7.95631e-018	228.918
67440.81	Storage.BAT1	108.544	-5	7.95631e-018	228.918
67500.81	Storage.BAT1	108.451	-5	-4.76789e-017	228.802
67560.81	Storage.BAT1	108.357	-5	-4.76789e-017	228.802
67620.81	Storage.BAT1	108.264	-5	-4.76789e-017	228.802
67680.81	Storage.BAT1	108.17	-5	-4.76789e-017	228.802
67740.81	Storage.BAT1	108.077	-5	-4.76789e-017	228.802
67800.81	Storage.BAT1	107.983	-5	-4.76789e-017	228.802
67860.81	Storage.BAT1	107.89	-5	-4.76789e-017	228.802
67920.81	Storage.BAT1	107.796	-5	-4.76789e-017	228.802
67980.81	Storage.BAT1	107.703	-5	-4.76789e-017	228.802
68040.81	Storage.BAT1	107.609	-5	-4.76789e-017	228.802
68100.81	Storage.BAT1	107.516	-5	-4.76789e-017	228.802
68160.81	Storage.BAT1	107.422	-5	-4.76789e-017	228.802
68220.81	Storage.BAT1	107.329	-5	-4.76789e-017	228.802
68280.81	Storage.BAT1	107.235	-5	-4.76789e-017	228.802
68340.81	Storage.BAT1	107.142	-5	-4.76789e-017	228.802
68400.81	Storage.BAT1	107.048	-5	-4.63882e-017	228.131
68460.81	Storage.BAT1	106.955	-5	-4.63882e-017	228.131
68520.81	Storage.BAT1	106.861	-5	-4.63882e-017	228.131
68580.81	Storage.BAT1	106.768	-5	-4.63882e-017	228.131
68640.81	Storage.BAT1	106.674	-5	-4.63882e-017	228.131
68700.81	Storage.BAT1	106.581	-5	-4.63882e-017	228.131
68760.81	Storage.BAT1	106.487	-5	-4.63882e-017	228.131
68820.81	Storage.BAT1	106.394	-5	-4.63882e-017	228.131
68880.81	Storage.BAT1	106.3	-5	-4.63882e-017	228.131
68940.81	Storage.BAT1	106.207	-5	-4.63882e-017	228.131
69000.81	Storage.BAT1	106.113	-5	-4.63882e-017	228.131
69060.81	Storage.BAT1	106.02	-5	-4.63882e-017	228.131
69120.81	Storage.BAT1	105.926	-5	-4.63882e-017	228.131
69180.81	Storage.BAT1	105.833	-5	-4.63882e-017	228.131
69240.81	Storage.BAT1	105.739	-5	-4.63882e-017	228.131
69300.81	Storage.BAT1	105.646	-5	2.33419e-016	228.431
69360.81	Storage.BAT1	105.552	-5	-6.0882e-016	228.431
69420.81	Storage.BAT1	105.459	-5	-1.08103e-015	228.431
69480.81	Storage.BAT1	105.365	-5	2.33419e-016	228.431
69540.81	Storage.BAT1	105.272	-5	-6.0882e-016	228.431
69600.81	Storage.BAT1	105.178	-5	-1.08103e-015	228.431
69660.81	Storage.BAT1	105.085	-5	2.33419e-016	228.431
69720.81	Storage.BAT1	104.991	-5	-6.0882e-016	228.431
69780.81	Storage.BAT1	104.898	-5	-1.08103e-015	228.431
69840.81	Storage.BAT1	104.804	-5	2.33419e-016	228.431
69900.81	Storage.BAT1	104.711	-5	-6.0882e-016	228.431
69960.81	Storage.BAT1	104.617	-5	-1.08103e-015	228.431
70020.81	Storage.BAT1	104.525	0.0482143	-1.16632e-018	226.779
70080.81	Storage.BAT1	104.525	0.0482143	-1.16632e-018	226.779
70140.81	Storage.BAT1	104.525	0.0482143	-1.16632e-018	226.779
70200.81	Storage.BAT1	104.525	0.0482389	7.51515e-019	226.837
70260.81	Storage.BAT1	104.525	0.0482389	7.51515e-019	226.837
70320.81	Storage.BAT1	104.525	0.0482389	7.51515e-019	226.837
70380.81	Storage.BAT1	104.525	0.0482389	7.51515e-019	226.837
70440.81	Storage.BAT1	104.525	0.0482389	7.51515e-019	226.837
70500.81	Storage.BAT1	104.525	0.0482389	7.51515e-019	226.837
70560.81	Storage.BAT1	104.525	0.0482389	7.51515e-019	226.837
70620.81	Storage.BAT1	104.525	0.0482389	7.51515e-019	226.837
70680.81	Storage.BAT1	104.525	0.0482389	7.51515e-019	226.837
70740.81	Storage.BAT1	104.525	0.0482389	7.51515e-019	226.837
70800.81	Storage.BAT1	104.525	0.0482389	7.51515e-019	226.837
70860.81	Storage.BAT1	104.525	0.0482389	7.51515e-019	226.837
70920.81	Storage.BAT1	104.525	0.0482389	7.51515e-019	226.837
70980.81	Storage.BAT1	104.525	0.0482389	7.51515e-019	226.837
71040.81	Storage.BAT1	104.525	0.0482389	7.51515e-019	226.837
71100.81	Storage.BAT1	104.525	0.0483986	-5.74966e-019	227.212
71160.81	Storage.BAT1	104.525	0.0483986	-5.74966e-019	227.212
71220.81	Storage.BAT1	104.525	0.0483986	-5.74966e-019	227.212
71280.81	Storage.BAT1	104.525	0.0483986	-5.74966e-019	227.212
71340.81	Storage.BAT1	104.525	0.0483986	-5.74966e-019	227.212
71400.81	Storage.BAT1	104.525	0.0483986	-5.74966e-019	227.212
71460.81	Storage.BAT1	104.525	0.0483986	-5.74966e-019	227.212
71520.81	Storage.BAT1	104.525	0.0483986	-5.74966e-019	227.212
71580.81	Storage.BAT1	104.525	0.0483986	-5.74966e-019	227.212
71640.81	Storage.BAT1	104.525	0.0483986	-5.74966e-019	227.212
71700.81	Storage.BAT1	104.525	0.0483986	-5.74966e-019	227.212
71760.81	Storage.BAT1	104.525	0.0483986	-5.74966e-019	227.212
71820.81	Storage.BAT1	104.525	0.0483986	-5.74966e-019	227.212
71880.81	Storage.BAT1	104.525	0.0483986	-5.74966e-019	227.212
71940.81	Storage.BAT1	104.525	0.0483986	-5.74966e-019	227.212
72000.81	Storage.BAT1	104.525	0.0479054	-3.4231e-019	226.051
72060.81	Storage.BAT1	104.525	0.0479054	-3.4231e-019	226.051
72120.81	Storage.BAT1	104.525	0.0479054	-3.4231e-019	226.051
72180.81	Storage.BAT1	104.525	0.0479054	-3.4231e-019	226.051
72240.81	Storage.BAT1	104.525	0.0479054	-3.4231e-019	226.051
72300.81	Storage.BAT1	104.525	0.0479054	-3.4231e-019	226.051
72360.81	Storage.BAT1	104.525	0.0479054	-3.4231e-019	226.051
72420.81	Storage.BAT1	104.525	0.0479054	-3.4231e-019	226.051
72480.81	Storage.BAT1	104.525	0.0479054	-3.4231e-019	226.051
72540.81	Storage.BAT1	104.525	0.0479054	-3.4231e-019	226.051
72600.81	Storage.BAT1	104.525	0.0479054	-3.4231e-019	226.051
72660.81	Storage.BAT1	104.525	0.0479054	-3.4231e-019	226.051
72720.81	Storage.BAT1	104.525	0.0479054	-3.4231e-019	226.051
72780.81	Storage.BAT1	104.525	0.0479054	-3.4231e-019	226.051
72840.81	Storage.BAT1	104.525	0.0479054	-3.4231e-019	226.051
72900.81	Storage.BAT1	104.525	0.0483835	1.09751e-018	227.176
72960.81	Storage.BAT1	104.525	0.0483835	1.09751e-018	227.176
73020.81	Storage.BAT1	104.525	0.0483835	1.09751e-018	227.176
73080.81	Storage.BAT1	104.525	0.0483835	1.09751e-018	227.176
73140.81	Storage.BAT1	104.525	0.0483835	1.09751e-018	227.176
73200.81	Storage.BAT1	104.525	0.0483835	1.09751e-018	227.176
73260.81	Storage.BAT1	104.525	0.0483835	1.09751e-018	227.176
73320.81	Storage.BAT1	104.525	0.0483835	1.09751e-018	227.176
73380.81	Storage.BAT1	104.525	0.0483835	1.09751e-018	227.176
73440.81	Storage.BAT1	104.525	0.0483835	1.09751e-018	227.176
73500.81	Storage.BAT1	104.525	0.0483835	1.09751e-018	227.176
73560.81	Storage.BAT1	104.525	0.0483835	1.09751e-018	227.176
73620.81	Storage.BAT1	104.525	0.0483835	1.09751e-018	227.176
73680.81	Storage.BAT1	104.525	0.0483835	1.09751e-018	227.176
73740.81	Storage.BAT1	104.525	0.0483835	1.09751e-018	227.176
73800.81	Storage.BAT1	104.525	0.0485331	2.0414e-018	227.527
73860.81	Storage.BAT1	104.525	0.0485331	2.0414e-018	227.527
73920.81	Storage.BAT1	104.525	0.0485331	2.0414e-018	227.527
73980.81	Storage.BAT1	104.525	0.0485331	2.0414e-018	227.527
74040.81	Storage.BAT1	104.525	0.0485331	2.0414e-018	227.527
74100.81	Storage.BAT1	104.525	0.0485331	2.0414e-018	227.527
74160.81	Storage.BAT1	104.525	0.0485331	2.0414e-018	227.527
74220.81	Storage.BAT1	104.525	0.0485331	2.0414e-018	227.527
74280.81	Storage.BAT1	104.525	0.0485331	2.0414e-018	227.527
74340.81	Storage.BAT1	104.525	0.0485331	2.0414e-018	227.527
74400.81	Storage.BAT1	104.525	0.0485331	2.0414e-018	227.527
74460.81	Storage.BAT1	104.525	0.0485331	2.0414e-018	227.527
74520.81	Storage.BAT1	104.525	0.0485331	2.0414e-018	227.527
74580.81	Storage.BAT1	104.525	0.0485331	2.0414e-018	227.527
74640.81	Storage.BAT1	104.525	0.0485331	2.0414e-018	227.527
74700.81	Storage.BAT1	104.525	0.0490965	3.72559e-020	228.844
74760.81	Storage.BAT1	104.525	0.0490965	3.72559e-020	228.844
74820.81	Storage.BAT1	104.525	0.0490965	3.72559e-020	228.844
74880.81	Storage.BAT1	104.525	0.0490965	3.72559e-020	228.844
74940.81	Storage.BAT1	104.525	0.0490965	3.72559e-020	228.844
75000.81	Storage.BAT1	104.525	0.0490965	3.72559e-020	228.844
75060.81	Storage.BAT1	104.525	0.0490965	3.72559e-020	228.844
75120.81	Storage.BAT1	104.525	0.0490965	3.72559e-020	228.844
75180.81	Storage.BAT1	104.525	0.0490965	3.72559e-020	228.844
75240.81	Storage.BAT1	104.525	0.0490965	3.72559e-020	228.844
75300.81	Storage.BAT1	104.525	0.0490965	3.72559e-020	228.844
75360.81	Storage.BAT1	104.525	0.0490965	3.72559e-020	228.844
75420.81	Storage.BAT1	104.525	0.0490965	3.72559e-020	228.844
75480.81	Storage.BAT1	104.525	0.0490965	3.72559e-020	228.844
75540.81	Storage.BAT1	104.525	0.0490965	3.72559e-020	228.844
75600.81	Storage.BAT1	104.525	0.0494418	-5.67011e-019	229.647
75660.81	Storage.BAT1	104.525	0.0494418	-5.67011e-019	229.647
75720.81	Storage.BAT1	104.525	0.0494418	-5.67011e-019	229.647
75780.81	Storage.BAT1	104.525	0.0494418	-5.67011e-019	229.647
75840.81	Storage.BAT1	104.525	0.0494418	-5.67011e-019	229.647
75900.81	Storage.BAT1	104.525	0.0494418	-5.67011e-019	229.647
75960.81	Storage.BAT1	104.525	0.0494418	-5.67011e-019	229.647
76020.81	Storage.BAT1	104.525	0.0494418	-5.67011e-019	229.647
76080.81	Storage.BAT1	104.525	0.0494418	-5.67011e-019	229.647
76140.81	Storage.BAT1	104.525	0.0494418	-5.67011e-019	229.647
76200.81	Storage.BAT1	104.525	0.0494418	-5.67011e-019	229.647
76260.81	Storage.BAT1	104.525	0.0494418	-5.67011e-019	229.647
76320.81	Storage.BAT1	104.525	0.0494418	-5.67011e-019	229.647
76380.81	Storage.BAT1	104.525	0.0494418	-5.67011e-019	229.647
76440.81	Storage.BAT1	104.525	0.0494418	-5.67011e-019	229.647
76500.81	Storage.BAT1	104.525	0.0496324	6.77328e-019	230.09
76560.81	Storage.BAT1	104.525	0.0496324	6.77328e-019	230.09
76620.81	Storage.BAT1	104.525	0.0496324	6.77328e-019	230.09
76680.81	Storage.BAT1	104.525	0.0496324	6.77328e-019	230.09
76740.81	Storage.BAT1	104.525	0.0496324	6.77328e-019	230.09
76800.81	Storage.BAT1	104.525	0.0496324	6.77328e-019	230.09
76860.81	Storage.BAT1	104.525	0.0496324	6.77328e-019	230.09
76920.81	Storage.BAT1	104.525	0.0496324	6.77328e-019	230.09
76980.81	Storage.BAT1	104.525	0.0496324	6.77328e-019	230.09
77040.81	Storage.BAT1	104.525	0.0496324	6.77328e-019	230.09
77100.81	Storage.BAT1	104.525	0.0496324	6.77328e-019	230.09
77160.81	Storage.BAT1	104.525	0.0496324	6.77328e-019	230.09
77220.81	Storage.BAT1	104.525	0.0496324	6.77328e-019	230.09
77280.81	Storage.BAT1	104.525	0.0496324	6.77328e-019	230.09
77340.81	Storage.BAT1	104.525	0.0496324	6.77328e-019	230.09
77400.81	Storage.BAT1	104.525	0.0495127	-1.17892e-018	229.812
77460.81	Storage.BAT1	104.525	0.0495127	-1.17892e-018	229.812
77520.81	Storage.BAT1	104.525	0.0495127	-1.17892e-018	229.812
77580.81	Storage.BAT1	104.525	0.0495127	-1.17892e-018	229.812
77640.81	Storage.BAT1	104.525	0.0495127	-1.17892e-018	229.812
77700.81	Storage.BAT1	104.525	0.0495127	-1.17892e-018	229.812
77760.81	Storage.BAT1	104.525	0.0495127	-1.17892e-018	229.812
77820.81	Storage.BAT1	104.525	0.0495127	-1.17892e-018	229.812
77880.81	Storage.BAT1	104.525	0.0495127	-1.17892e-018	229.812
77940.81	Storage.BAT1	104.525	0.0495127	-1.17892e-018	229.812
78000.81	Storage.BAT1	104.525	0.0495127	-1.17892e-018	229.812
78060.81	Storage.BAT1	104.525	0.0495127	-1.17892e-018	229.812
78120.81	Storage.BAT1	104.525	0.0495127	-1.17892e-018	229.812
78180.81	Storage.BAT1	104.525	0.0495127	-1.17892e-018	229.812
78240.81	Storage.BAT1	104.525	0.0495127	-1.17892e-018	229.812
78300.81	Storage.BAT1	104.525	0.0499574	1.75867e-018	230.842
78360.81	Storage.BAT1	104.525	0.0499574	1.75867e-018	230.842
78420.81	Storage.BAT1	104.525	0.0499574	1.75867e-018	230.842
78480.81	Storage.BAT1	104.525	0.0499574	1.75867e-018	230.842
78540.81	Storage.BAT1	104.525	0.0499574	1.75867e-018	230.842
78600.81	Storage.BAT1	104.525	0.0499574	1.75867e-018	230.842
78660.81	Storage.BAT1	104.525	0.0499574	1.75867e-018	230.842
78720.81	Storage.BAT1	104.525	0.0499574	1.75867e-018	230.842
78780.81	Storage.BAT1	104.525	0.0499574	1.75867e-018	230.842
78840.81	Storage.BAT1	104.525	0.0499574	1.75867e-018	230.842
78900.81	Storage.BAT1	104.525	0.0499574	1.75867e-018	230.842
78960.81	Storage.BAT1	104.525	0.0499574	1.75867e-018	230.842
79020.81	Storage.BAT1	104.525	0.0499574	1.75867e-018	230.842
79080.81	Storage.BAT1	104.525	0.0499574	1.75867e-018	230.842
79140.81	Storage.BAT1	104.525	0.0499574	1.75867e-018	230.842
79200.81	Storage.BAT1	104.525	0.0497923	8.84641e-019	230.46
79260.81	Storage.BAT1	104.525	0.0497923	8.84641e-019	230.46
79320.81	Storage.BAT1	104.525	0.0497923	8.84641e-019	230.46
79380.81	Storage.BAT1	104.525	0.0497923	8.84641e-019	230.46
79440.81	Storage.BAT1	104.525	0.0497923	8.84641e-019	230.46
79500.81	Storage.BAT1	104.525	0.0497923	8.84641e-019	230.46
79560.81	Storage.BAT1	104.525	0.0497923	8.84641e-019	230.46
79620.81	Storage.BAT1	104.525	0.0497923	8.84641e-019	230.46
79680.81	Storage.BAT1	104.525	0.0497923	8.84641e-019	230.46
79740.81	Storage.BAT1	104.525	0.0497923	8.84641e-019	230.46
79800.81	Storage.BAT1	104.525	0.0497923	8.84641e-019	230.46
79860.81	Storage.BAT1	104.525	0.0497923	8.84641e-019	230.46
79920.81	Storage.BAT1	104.525	0.0497923	8.84641e-019	230.46
79980.81	Storage.BAT1	104.525	0.0497923	8.84641e-019	230.46
80040.81	Storage.BAT1	104.525	0.0497923	8.84641e-019	230.46
80100.81	Storage.BAT1	104.525	0.0501779	-8.72254e-019	231.351
80160.81	Storage.BAT1	104.525	0.0501779	-8.72254e-019	231.351
80220.81	Storage.BAT1	104.525	0.0501779	-8.72254e-019	231.351
80280.81	Storage.BAT1	104.525	0.0501779	-8.72254e-019	231.351
80340.81	Storage.BAT1	104.525	0.0501779	-8.72254e-019	231.351
80400.81	Storage.BAT1	104.525	0.0501779	-8.72254e-019	231.351
80460.81	Storage.BAT1	104.525	0.0501779	-8.72254e-019	231.351
80520.81	Storage.BAT1	104.525	0.0501779	-8.72254e-019	231.351
80580.81	Storage.BAT1	104.525	0.0501779	-8.72254e-019	231.351
80640.81	Storage.BAT1	104.525	0.0501779	-8.72254e-019	231.351
80700.81	Storage.BAT1	104.525	0.0501779	-8.72254e-019	231.351
80760.81	Storage.BAT1	104.525	0.0501779	-8.72254e-019	231.351
80820.81	Storage.BAT1	104.525	0.0501779	-8.72254e-019	231.351
80880.81	Storage.BAT1	104.525	0.0501779	-8.72254e-019	231.351
80940.81	Storage.BAT1	104.525	0.0501779	-8.72254e-019	231.351
81000.81	Storage.BAT1	104.525	0.0507942	-2.17011e-018	232.767
81060.81	Storage.BAT1	104.525	0.0507942	-2.17011e-018	232.767
81120.81	Storage.BAT1	104.525	0.0507942	-2.17011e-018	232.767
81180.81	Storage.BAT1	104.525	0.0507942	-2.17011e-018	232.767
81240.81	Storage.BAT1	104.525	0.0507942	-2.17011e-018	232.767
81300.81	Storage.BAT1	104.525	0.0507942	-2.17011e-018	232.767
81360.81	Storage.BAT1	104.525	0.0507942	-2.17011e-018	232.767
81420.81	Storage.BAT1	104.525	0.0507942	-2.17011e-018	232.767
81480.81	Storage.BAT1	104.525	0.0507942	-2.17011e-018	232.767
81540.81	Storage.BAT1	104.525	0.0507942	-2.17011e-018	232.767
81600.81	Storage.BAT1	104.525	0.0507942	-2.17011e-018	232.767
81660.81	Storage.BAT1	104.525	0.0507942	-2.17011e-018	232.767
81720.81	Storage.BAT1	104.525	0.0507942	-2.17011e-018	232.767
81780.81	Storage.BAT1	104.525	0.0507942	-2.17011e-018	232.767
81840.81	Storage.BAT1	104.525	0.0507942	-2.17011e-018	232.767
81900.81	Storage.BAT1	104.525	0.0509492	-3.54859e-019	233.122
81960.81	Storage.BAT1	104.525	0.0509492	-3.54859e-019	233.122
82020.81	Storage.BAT1	104.525	0.0509492	-3.54859e-019	233.122
82080.81	Storage.BAT1	104.525	0.0509492	-3.54859e-019	233.122
82140.81	Storage.BAT1	104.525	0.0509492	-3.54859e-019	233.122
82200.81	Storage.BAT1	104.525	0.0509492	-3.54859e-019	233.122
82260.81	Storage.BAT1	104.525	0.0509492	-3.54859e-019	233.122
82320.81	Storage.BAT1	104.525	0.0509492	-3.54859e-019	233.122
82380.81	Storage.BAT1	104.525	0.0509492	-3.54859e-019	233.122
82440.81	Storage.BAT1	104.525	0.0509492	-3.54859e-019	233.122
82500.81	Storage.BAT1	104.525	0.0509492	-3.54859e-019	233.122
82560.81	Storage.BAT1	104.525	0.0509492	-3.54859e-019	233.122
82620.81	Storage.BAT1	104.525	0.0509492	-3.54859e-019	233.122
82680.81	Storage.BAT1	104.525	0.0509492	-3.54859e-019	233.122
82740.81	Storage.BAT1	104.525	0.0509492	-3.54859e-019	233.122
82800.81	Storage.BAT1	104.525	0.0509995	3.04409e-018	233.237
82860.81	Storage.BAT1	104.525	0.0509995	3.04409e-018	233.237
82920.81	Storage.BAT1	104.525	0.0509995	3.04409e-018	233.237
82980.81	Storage.BAT1	104.525	0.0509995	3.04409e-018	233.237
83040.81	Storage.BAT1	104.525	0.0509995	3.04409e-018	233.237
83100.81	Storage.BAT1	104.525	0.0509995	3.04409e-018	233.237
83160.81	Storage.BAT1	104.525	0.0509995	3.04409e-018	233.237
83220.81	Storage.BAT1	104.525	0.0509995	3.04409e-018	233.237
83280.81	Storage.BAT1	104.525	0.0509995	3.04409e-018	233.237
83340.81	Storage.BAT1	104.525	0.0509995	3.04409e-018	233.237
83400.81	Storage.BAT1	104.525	0.0509995	3.04409e-018	233.237
83460.81	Storage.BAT1	104.525	0.0509995	3.04409e-018	233.237
83520.81	Storage.BAT1	104.525	0.0509995	3.04409e-018	233.237
83580.81	Storage.BAT1	104.525	0.0509995	3.04409e-018	233.237
83640.81	Storage.BAT1	104.525	0.0509995	3.04409e-018	233.237
83700.81	Storage.BAT1	104.525	0.0515105	-1.75007e-018	234.403
83760.81	Storage.BAT1	104.525	0.0515105	-1.75007e-018	234.403
83820.81	Storage.BAT1	104.525	0.0515105	-1.75007e-018	234.403
83880.81	Storage.BAT1	104.525	0.0515105	-1.75007e-018	234.403
83940.81	Storage.BAT1	104.525	0.0515105	-1.75007e-018	234.403
84000.81	Storage.BAT1	104.525	0.0515105	-1.75007e-018	234.403
84060.81	Storage.BAT1	104.525	0.0515105	-1.75007e-018	234.403
84120.81	Storage.BAT1	104.525	0.0515105	-1.75007e-018	234.403
84180.81	Storage.BAT1	104.525	0.0515105	-1.75007e-018	234.403
84240.81	Storage.BAT1	104.525	0.0515105	-1.75007e-018	234.403
84300.81	Storage.BAT1	104.525	0.0515105	-1.75007e-018	234.403
84360.81	Storage.BAT1	104.525	0.0515105	-1.75007e-018	234.403
84420.81	Storage.BAT1	104.525	0.0515105	-1.75007e-018	234.403
84480.81	Storage.BAT1	104.525	0.0515105	-1.75007e-018	234.403
84540.81	Storage.BAT1	104.525	0.0515105	-1.75007e-018	234.403
84600.81	Storage.BAT1	104.525	0.051857	-1.45105e-018	235.19
84660.81	Storage.BAT1	104.525	0.051857	-1.45105e-018	235.19
84720.81	Storage.BAT1	104.525	0.051857	-1.45105e-018	235.19
84780.81	Storage.BAT1	104.525	0.051857	-1.45105e-018	235.19
84840.81	Storage.BAT1	104.525	0.051857	-1.45105e-018	235.19
84900.81	Storage.BAT1	104.525	0.051857	-1.45105e-018	235.19
84960.81	Storage.BAT1	104.525	0.051857	-1.45105e-018	235.19
85020.81	Storage.BAT1	104.525	0.051857	-1.45105e-018	235.19
85080.81	Storage.BAT1	104.525	0.051857	-1.45105e-018	235.19
85140.81	Storage.BAT1	104.525	0.051857	-1.45105e-018	235.19
85200.81	Storage.BAT1	104.525	0.051857	-1.45105e-018	235.19
85260.81	Storage.BAT1	104.525	0.051857	-1.45105e-018	235.19
85320.81	Storage.BAT1	104.525	0.051857	-1.45105e-018	235.19
85380.81	Storage.BAT1	104.525	0.051857	-1.45105e-018	235.19
85440.81	Storage.BAT1	104.525	0.051857	-1.45105e-018	235.19
85500.81	Storage.BAT1	104.525	0.0521831	6.26364e-019	235.928
85560.81	Storage.BAT1	104.525	0.0521831	6.26364e-019	235.928
85620.81	Storage.BAT1	104.525	0.0521831	6.26364e-019	235.928
85680.81	Storage.BAT1	104.525	0.0521831	6.26364e-019	235.928
85740.81	Storage.BAT1	104.525	0.0521831	6.26364e-019	235.928
85800.81	Storage.BAT1	104.525	0.0521831	6.26364e-019	235.928
85860.81	Storage.BAT1	104.525	0.0521831	6.26364e-019	235.928
85920.81	Storage.BAT1	104.525	0.0521831	6.26364e-019	235.928
85980.81	Storage.BAT1	104.525	0.0521831	6.26364e-019	235.928
86040.81	Storage.BAT1	104.525	0.0521831	6.26364e-019	235.928
86100.81	Storage.BAT1	104.525	0.0521831	6.26364e-019	235.928
86160.81	Storage.BAT1	104.525	0.0521831	6.26364e-019	235.928
86220.81	Storage.BAT1	104.525	0.0521831	6.26364e-019	235.928
86280.81	Storage.BAT1	104.525	0.0521831	6.26364e-019	235.928
86340.81	Storage.BAT1	104.525	0.0521831	6.26364e-019	235.928
