0.693
0.427
0.436
0.495
0.44
0.44
0.512
0.343
0.268
0.348
0.328
0.391
0.215
0.294
0.311
0.179
0.397
0.166
0.38
0.294
0.365
0.305
0.518
0.138
0.588
0.552
0.963
1.215
1.302
0.587
1.293
0.475
1.003
0.525
1.127
0.296
0.754
1.082
1.139
0.992
0.997
0.949
0.914
0.993
1.414
0.813
0.601
0.876
0.98
1.293
1.259
1.543
1.192
1.088
0.775
1.194
0.683
1.003
0.449
1.002
0.307
0.776
0.66
0.173
1.037
0.977
1.144
1.08
1.172
0.853
0.822
1.569
0.669
1.808
1.864
1.582
1.485
0.909
2.186
1.254
1.294
1.137
1.91
1.336
0.833
0.058
1.263
0.489
0.824
1.172
0.839
0.395
0.413
0.945
0.713
0.84
