0.197
0.543
0.32
0.519
0.467
0.455
0.408
0.368
0.23
0.073
0.361
0.272
0.391
0.343
0.336
0.185
0.21
0.164
0.441
0.128
0.421
0.183
0.318
0.561
0.749
0.662
0.757
0.732
1.065
0.598
1.398
1.628
0.631
0.464
1.255
1.156
0.846
1.108
0.947
0.765
0.12
0.427
0.782
0.868
0.913
0.872
0.928
0.313
0.429
1.579
0.493
0.71
0.674
1.107
1.504
1.433
0.518
0.44
0.484
0.695
0.84
1.029
0.963
0.755
0.763
0.662
0.837
0.99
0.672
1.119
0.566
1.523
1.485
0.411
1.313
0.727
1.978
1.367
1.897
1.957
0.679
1.937
0.901
1.302
0.886
1.309
1.163
1.292
1.265
1.219
0.625
1.092
0.68
0.924
0.721
0.342
