0.424
0.353
0.581
0.332
0.414
0.308
0.378
0.345
0.439
0.324
0.203
0.4
0.41
0.378
0.319
0.314
0.259
0.232
0.187
0.382
0.267
0.123
0.336
0.142
0.464
0.457
0.247
1.015
0.489
1.31
0.355
1.356
0.866
1.282
1.404
1.628
0.315
0.789
0.835
0.836
1.011
0.243
1.102
0.967
0.247
0.386
1.234
0.953
1.209
0.661
1.019
0.264
1.315
1.475
0.95
1
1.119
0.64
1.05
0.873
0.804
0.414
1.095
0.901
0.101
0.905
1.247
0.062
1.091
0.575
0.52
1.644
1.317
1.381
1.292
1.056
1.745
1.167
1.696
0.722
1.226
1.374
0.777
1.537
1.384
0.792
1.658
0.98
1.226
1.404
0.601
0.178
1.139
0.27
0.804
0.78
