1.949
1.646
1.676
1.443
1.359
1.164
1.07
1.172
1.248
1.071
1.059
1.12
1.118
1.121
1.08
1.18
1.044
1.186
1.023
1.213
1.145
1.31
1.428
1.38
1.766
2.5
2.789
2.893
3.176
4.043
3.51
4.263
4.275
4.197
3.439
3.442
3.522
3.13
3.712
3.72
3.131
3.231
3.564
3.473
3.099
3.177
3.605
2.992
3.585
3.37
3.942
3.47
3.917
4.105
3.597
3.606
3.27
3.036
3.502
3.199
3.047
2.874
3
3.12
2.666
2.592
2.621
3.033
3.115
3.684
3.275
4.471
4.061
4.551
4.345
5.018
4.897
5.879
5.568
5.309
5.335
5.297
4.494
4.506
3.702
3.803
4.29
3.923
4.03
3.482
3.068
3.337
2.892
2.656
2.418
2.178
