0.168
0.466
0.193
0.172
0.309
0.428
0.191
0.374
0.299
0.388
0.393
0.112
0.438
0.084
0.367
0.439
0.383
0.188
0.326
0.356
0.204
0.041
0.19
0.425
0.476
0.584
0.574
1.064
0.827
1.081
0.352
0.589
0.037
0.381
0.946
1.242
1.048
1.158
1.321
0.732
1.166
0.628
0.675
1.082
1.102
1.239
1.039
1.151
0.95
0.419
1.414
0.884
0.374
0.486
0.262
0.605
0.159
1.011
1.173
1.244
0.413
0.852
0.616
0.898
0.964
0.637
0.667
0.255
0.917
1.14
1.271
1.353
1.073
1.21
0.575
0.51
0.653
1.799
1.447
1.928
1.549
1.67
0.445
1.637
0.844
1.339
1.288
0.696
1.511
0.49
0.721
1.053
1.063
0.891
0.44
0.791
