2.035
1.722
1.388
1.418
1.147
1.083
1.314
1.234
1.147
1.033
1.012
1.034
1.222
1.178
1.149
1.098
0.95
1.117
1.245
1.092
1.068
1.114
1.437
1.416
1.973
2.219
2.893
2.87
3.075
3.712
3.718
3.893
4.188
4.264
3.74
4.003
3.518
3.896
3.46
3.1
3.122
3.262
3.417
3.177
3.639
3.405
3.199
3.408
3.518
3.239
3.693
3.693
3.516
3.751
3.813
3.727
3.177
3.076
3.401
3.164
3.181
2.802
2.568
2.861
3.004
2.906
3.214
3.35
3.014
3.068
3.591
4.296
4.509
4.116
4.882
4.795
4.576
5.483
5.311
5.527
5.358
4.415
5.045
4.434
3.762
4.361
3.735
3.786
3.991
3.653
3.267
2.794
2.9
2.242
2.538
1.948
