0.169
0.385
0.378
0.364
0.062
0.3
0.447
0.398
0.25
0.24
0.44
0.298
0.165
0.262
0.236
0.413
0.079
0.173
0.352
0.395
0.387
0.252
0.513
0.029
0.726
0.378
0.468
0.309
0.568
0.74
0.851
1.019
1.501
1.43
1.365
1.223
1.139
1.068
1.056
1.155
0.756
0.949
0.787
0.617
0.927
0.39
1.121
0.83
1.133
1.066
0.602
1.157
1.438
1.129
0.836
1.3
1.268
0.552
1.015
0.279
0.962
0.897
0.806
0.818
0.828
0.259
1.062
0.904
0.647
0.628
0.432
1.664
1.352
0.52
1.624
1.082
1.439
1.221
1.75
0.824
0.377
1.198
1.839
1.076
1.224
0.444
0.368
0.694
0.75
0.288
0.172
0.795
0.54
0.778
0.46
0.679
