1.88
1.555
1.594
1.23
1.355
1.345
1.131
1.269
1.058
1.026
1.139
1.039
0.962
1.114
1.158
1.108
1.12
1.209
1.236
1.25
1.149
1.078
1.37
1.399
2.01
2.146
2.837
3.415
3.496
3.975
3.67
3.364
4.157
3.619
3.995
3.948
3.503
3.531
3.295
2.997
2.96
2.876
3.483
3.438
3.068
3.132
2.945
3.827
3.21
3.984
3.549
3.872
4.139
3.696
3.794
3.866
3.234
3.175
3.282
3.114
3.125
2.696
2.871
2.532
2.663
3.215
3.007
3.301
2.886
3.635
3.723
4.465
4.665
4.722
4.352
5.137
4.677
5.91
5.143
5.899
4.528
4.406
4.729
3.89
3.807
4.254
4.071
3.837
3.67
3.71
2.938
2.88
2.683
2.755
2.599
2.007
