380.297
379.213
378.463
377.687
377.31
376.902
376.52
376.636
376.313
376.138
376.245
376.344
376.334
376.206
376.163
376.216
376.108
376.085
376.37
376.485
376.475
376.826
377.525
378.397
380.495
382.135
384.638
386.527
387.865
389.121
389.727
389.423
389.848
390.183
389.577
389.495
388.491
386.021
385.464
383.091
382.076
381.166
381.049
380.424
379.657
378.696
378.37
378.325
378.241
378.996
380.534
380.995
380.135
379.912
379.852
379.567
378.503
379.055
379.303
379.718
380.094
380.359
380.885
381.714
382.782
385.3
386.05
385.839
386.436
387.914
388.702
391.276
392.398
393.829
394.912
395.219
396.223
398.091
397.77
397.432
397.015
395.134
394.731
392.388
391.069
390.369
390.818
389.42
389.842
388.357
386.223
385.59
385.275
383.344
382.506
381.064