1     -104.189     623.775     909.494    2150.000
2      147.423     515.219    1126.803    2150.000
3       -8.363     767.305     831.689    2150.000
4      153.696     562.140     383.581    1883.601
5      -37.488     378.286     387.764    2147.051
6       -0.016     330.981     605.510    2150.000
7     -117.934     405.474     617.554    2150.000
8      -16.971     442.701     453.253    1848.879
9     -165.977     615.799     555.754    1793.837
10    -264.803     487.179     586.242    1977.583
11    -109.275     274.242     628.821    1811.295
12    -183.439     497.421     406.778    2150.000
13    -135.062     344.833     462.612    1713.831
14     -47.790     464.516     171.514    1807.572
15    -122.406     446.724     630.987    1873.340
16    -199.540     406.394     608.976    1719.858
17    -278.214     320.496     525.373    1800.151
18    -259.827     384.770     336.396    1486.911
19      17.609     333.803     587.491    1965.246
20    -282.857     487.348     608.574    2072.797
21     -15.975     321.647     282.209    1951.814
22    -263.028     269.807     330.430    2005.585
23     -77.199     467.495     609.184    2150.000
24     135.246     348.695     673.854    1841.632
25     435.252     686.635    1612.811    2150.000
26     400.260     834.407    1886.043    2150.000
27     298.554    1037.765    2150.000    2150.000
28     534.356     976.629    2150.000    2150.000
29     649.031    1464.151    2150.000    2150.000
30    1087.359    2150.000    2150.000    2150.000
31    1844.116    2150.000    2150.000    2150.000
32    2150.000    2150.000    2150.000    2150.000
33     793.732    2150.000    2150.000    2150.000
34     156.811    2001.758    2150.000    2150.000
35    2150.000    2150.000    2150.000    2150.000
36    1481.941    2150.000    2150.000    2150.000
37    1017.742    2150.000    2150.000    2150.000
38    1537.646    2150.000    2150.000    2150.000
39    2150.000    2150.000    2150.000    2150.000
40     753.504    2150.000    2150.000    2150.000
41    -142.749    2150.000    2150.000    2150.000
42     164.920    2150.000    2150.000    2150.000
43     333.762    2147.309    2150.000    2150.000
44     698.320    2150.000    2150.000    2150.000
45    1420.198    2150.000    2150.000    2150.000
46     440.862    1534.199    2150.000    2150.000
47     640.074    2150.000    2150.000    2150.000
48      -0.122    1771.260    1995.897    1995.897
49    1504.612    1504.612    1504.612    1504.612
50     992.048     992.048     992.048     992.048
51     463.338     463.338     463.338     463.338
52      83.081      89.239      94.834     101.802
53     596.431     596.431     596.431     596.431
54    1125.705    1125.705    1125.705    1125.705
55    1640.188    1640.188    1640.188    1640.188
56    2133.930    2133.930    2133.930    2133.930
57      49.344    1931.235    2150.000    2150.000
58     171.464    2150.000    2150.000    2150.000
59     447.981    2150.000    2150.000    2150.000
60     726.032    2150.000    2150.000    2150.000
61     382.695     932.933    1988.912    2150.000
62     462.067     587.077    2150.000    2150.000
63     676.985    1520.761    2150.000    2150.000
64     294.337    1664.495    2150.000    2150.000
65     449.268     236.506    2144.293    2150.000
66     507.875    1576.265    2150.000    2150.000
67    1118.872    2150.000    2150.000    2150.000
68     816.279    1921.357    2150.000    2150.000
69     542.979    1750.249    2150.000    2150.000
70    2150.000    2150.000    2150.000    2150.000
71     898.641    2150.000    2150.000    2150.000
72    2150.000    2150.000    2150.000    2150.000
73    2002.853    2150.000    2150.000    2150.000
74    2150.000    2150.000    2150.000    2150.000
75    2150.000    2150.000    2150.000    2150.000
76    2150.000    2150.000    2150.000    2150.000
77    2150.000    2150.000    2150.000    2150.000
78    2150.000    2150.000    2150.000    2150.000
79    2150.000    2150.000    2150.000    2150.000
80    2150.000    2150.000    2150.000    2150.000
81    2150.000    2150.000    2150.000    2150.000
82    2150.000    2150.000    2150.000    2150.000
83    2150.000    2150.000    2150.000    2150.000
84    2150.000    2150.000    2150.000    2150.000
85    2150.000    2150.000    2150.000    2150.000
86    2150.000    2150.000    2150.000    2150.000
87    2150.000    2150.000    2150.000    2150.000
88    1007.028    2077.276    2150.000    2150.000
89    1870.905    2150.000    2150.000    2150.000
90    1560.554    2150.000    2150.000    2150.000
91     396.622    1957.701    2150.000    2150.000
92     534.908    1836.950    2150.000    2150.000
93     626.300    2150.000    2150.000    2150.000
94     657.765    1613.271    2150.000    2150.000
95     413.026    1047.635    1056.834    2150.000
96      22.497     927.099    1949.213    2150.000