0.81	Storage.BAT1	0	4.33431e-016	-2.15	213.947
60.81	Storage.BAT1	0	4.33431e-016	-2.15	213.947
120.81	Storage.BAT1	0	4.33431e-016	-2.15	213.947
180.81	Storage.BAT1	0	4.33431e-016	-2.15	213.947
240.81	Storage.BAT1	0	4.33431e-016	-2.15	213.947
300.81	Storage.BAT1	0	4.33431e-016	-2.15	213.947
360.81	Storage.BAT1	0	4.33431e-016	-2.15	213.947
420.81	Storage.BAT1	0	4.33431e-016	-2.15	213.947
480.81	Storage.BAT1	0	4.33431e-016	-2.15	213.947
540.81	Storage.BAT1	0	4.33431e-016	-2.15	213.947
600.81	Storage.BAT1	0	4.33431e-016	-2.15	213.947
660.81	Storage.BAT1	0	4.33431e-016	-2.15	213.947
720.81	Storage.BAT1	0	4.33431e-016	-2.15	213.947
780.81	Storage.BAT1	0	4.33431e-016	-2.15	213.947
840.81	Storage.BAT1	0	4.33431e-016	-2.15	213.947
900.81	Storage.BAT1	0	5.59552e-017	-2.15	214.549
960.81	Storage.BAT1	0	5.59552e-017	-2.15	214.549
1020.81	Storage.BAT1	0	5.59552e-017	-2.15	214.549
1080.81	Storage.BAT1	0	5.59552e-017	-2.15	214.549
1140.81	Storage.BAT1	0	5.59552e-017	-2.15	214.549
1200.81	Storage.BAT1	0	5.59552e-017	-2.15	214.549
1260.81	Storage.BAT1	0	5.59552e-017	-2.15	214.549
1320.81	Storage.BAT1	0	5.59552e-017	-2.15	214.549
1380.81	Storage.BAT1	0	5.59552e-017	-2.15	214.549
1440.81	Storage.BAT1	0	5.59552e-017	-2.15	214.549
1500.81	Storage.BAT1	0	5.59552e-017	-2.15	214.549
1560.81	Storage.BAT1	0	5.59552e-017	-2.15	214.549
1620.81	Storage.BAT1	0	5.59552e-017	-2.15	214.549
1680.81	Storage.BAT1	0	5.59552e-017	-2.15	214.549
1740.81	Storage.BAT1	0	5.59552e-017	-2.15	214.549
1800.81	Storage.BAT1	0	-5.68434e-017	-2.15	213.566
1860.81	Storage.BAT1	0	-5.68434e-017	-2.15	213.566
1920.81	Storage.BAT1	0	-5.68434e-017	-2.15	213.566
1980.81	Storage.BAT1	0	-5.68434e-017	-2.15	213.566
2040.81	Storage.BAT1	0	-5.68434e-017	-2.15	213.566
2100.81	Storage.BAT1	0	-5.68434e-017	-2.15	213.566
2160.81	Storage.BAT1	0	-5.68434e-017	-2.15	213.566
2220.81	Storage.BAT1	0	-5.68434e-017	-2.15	213.566
2280.81	Storage.BAT1	0	-5.68434e-017	-2.15	213.566
2340.81	Storage.BAT1	0	-5.68434e-017	-2.15	213.566
2400.81	Storage.BAT1	0	-5.68434e-017	-2.15	213.566
2460.81	Storage.BAT1	0	-5.68434e-017	-2.15	213.566
2520.81	Storage.BAT1	0	-5.68434e-017	-2.15	213.566
2580.81	Storage.BAT1	0	-5.68434e-017	-2.15	213.566
2640.81	Storage.BAT1	0	-5.68434e-017	-2.15	213.566
2700.81	Storage.BAT1	0	5.77316e-017	-1.8836	214.012
2760.81	Storage.BAT1	0	5.77316e-017	-1.8836	214.012
2820.81	Storage.BAT1	0	5.77316e-017	-1.8836	214.012
2880.81	Storage.BAT1	0	5.77316e-017	-1.8836	214.012
2940.81	Storage.BAT1	0	5.77316e-017	-1.8836	214.012
3000.81	Storage.BAT1	0	5.77316e-017	-1.8836	214.012
3060.81	Storage.BAT1	0	5.77316e-017	-1.8836	214.012
3120.81	Storage.BAT1	0	5.77316e-017	-1.8836	214.012
3180.81	Storage.BAT1	0	5.77316e-017	-1.8836	214.012
3240.81	Storage.BAT1	0	5.77316e-017	-1.8836	214.012
3300.81	Storage.BAT1	0	5.77316e-017	-1.8836	214.012
3360.81	Storage.BAT1	0	5.77316e-017	-1.8836	214.012
3420.81	Storage.BAT1	0	5.77316e-017	-1.8836	214.012
3480.81	Storage.BAT1	0	5.77316e-017	-1.8836	214.012
3540.81	Storage.BAT1	0	5.77316e-017	-1.8836	214.012
3600.81	Storage.BAT1	0	1.13687e-016	-2.14705	214.227
3660.81	Storage.BAT1	0	1.13687e-016	-2.14705	214.227
3720.81	Storage.BAT1	0	1.13687e-016	-2.14705	214.227
3780.81	Storage.BAT1	0	1.13687e-016	-2.14705	214.227
3840.81	Storage.BAT1	0	1.13687e-016	-2.14705	214.227
3900.81	Storage.BAT1	0	1.13687e-016	-2.14705	214.227
3960.81	Storage.BAT1	0	1.13687e-016	-2.14705	214.227
4020.81	Storage.BAT1	0	1.13687e-016	-2.14705	214.227
4080.81	Storage.BAT1	0	1.13687e-016	-2.14705	214.227
4140.81	Storage.BAT1	0	1.13687e-016	-2.14705	214.227
4200.81	Storage.BAT1	0	1.13687e-016	-2.14705	214.227
4260.81	Storage.BAT1	0	1.13687e-016	-2.14705	214.227
4320.81	Storage.BAT1	0	1.13687e-016	-2.14705	214.227
4380.81	Storage.BAT1	0	1.13687e-016	-2.14705	214.227
4440.81	Storage.BAT1	0	1.13687e-016	-2.14705	214.227
4500.81	Storage.BAT1	0	8.88178e-019	-2.14705	214.455
4560.81	Storage.BAT1	0	8.88178e-019	-2.15	214.455
4620.81	Storage.BAT1	0	8.88178e-019	-2.15	214.455
4680.81	Storage.BAT1	0	8.88178e-019	-2.15	214.455
4740.81	Storage.BAT1	0	8.88178e-019	-2.15	214.455
4800.81	Storage.BAT1	0	8.88178e-019	-2.15	214.455
4860.81	Storage.BAT1	0	8.88178e-019	-2.15	214.455
4920.81	Storage.BAT1	0	8.88178e-019	-2.15	214.455
4980.81	Storage.BAT1	0	8.88178e-019	-2.15	214.455
5040.81	Storage.BAT1	0	8.88178e-019	-2.15	214.455
5100.81	Storage.BAT1	0	8.88178e-019	-2.15	214.455
5160.81	Storage.BAT1	0	8.88178e-019	-2.15	214.455
5220.81	Storage.BAT1	0	8.88178e-019	-2.15	214.455
5280.81	Storage.BAT1	0	8.88178e-019	-2.15	214.455
5340.81	Storage.BAT1	0	8.88178e-019	-2.15	214.455
5400.81	Storage.BAT1	0	5.59552e-017	-2.15	214.673
5460.81	Storage.BAT1	0	5.59552e-017	-2.15	214.673
5520.81	Storage.BAT1	0	5.59552e-017	-2.15	214.673
5580.81	Storage.BAT1	0	5.59552e-017	-2.15	214.673
5640.81	Storage.BAT1	0	5.59552e-017	-2.15	214.673
5700.81	Storage.BAT1	0	5.59552e-017	-2.15	214.673
5760.81	Storage.BAT1	0	5.59552e-017	-2.15	214.673
5820.81	Storage.BAT1	0	5.59552e-017	-2.15	214.673
5880.81	Storage.BAT1	0	5.59552e-017	-2.15	214.673
5940.81	Storage.BAT1	0	5.59552e-017	-2.15	214.673
6000.81	Storage.BAT1	0	5.59552e-017	-2.15	214.673
6060.81	Storage.BAT1	0	5.59552e-017	-2.15	214.673
6120.81	Storage.BAT1	0	5.59552e-017	-2.15	214.673
6180.81	Storage.BAT1	0	5.59552e-017	-2.15	214.673
6240.81	Storage.BAT1	0	5.59552e-017	-2.15	214.673
6300.81	Storage.BAT1	0	0	-1.84888	214.61
6360.81	Storage.BAT1	0	0	-1.84888	214.61
6420.81	Storage.BAT1	0	0	-1.84888	214.61
6480.81	Storage.BAT1	0	0	-1.84888	214.61
6540.81	Storage.BAT1	0	0	-1.84888	214.61
6600.81	Storage.BAT1	0	0	-1.84888	214.61
6660.81	Storage.BAT1	0	0	-1.84888	214.61
6720.81	Storage.BAT1	0	0	-1.84888	214.61
6780.81	Storage.BAT1	0	0	-1.84888	214.61
6840.81	Storage.BAT1	0	0	-1.84888	214.61
6900.81	Storage.BAT1	0	0	-1.84888	214.61
6960.81	Storage.BAT1	0	0	-1.84888	214.61
7020.81	Storage.BAT1	0	0	-1.84888	214.61
7080.81	Storage.BAT1	0	0	-1.84888	214.61
7140.81	Storage.BAT1	0	0	-1.84888	214.61
7200.81	Storage.BAT1	0	-1.19904e-017	-1.79384	214.789
7260.81	Storage.BAT1	0	-1.19904e-017	-1.79384	214.789
7320.81	Storage.BAT1	0	-1.19904e-017	-1.79384	214.789
7380.81	Storage.BAT1	0	-1.19904e-017	-1.79384	214.789
7440.81	Storage.BAT1	0	-1.19904e-017	-1.79384	214.789
7500.81	Storage.BAT1	0	-1.19904e-017	-1.79384	214.789
7560.81	Storage.BAT1	0	-1.19904e-017	-1.79384	214.789
7620.81	Storage.BAT1	0	-1.19904e-017	-1.79384	214.789
7680.81	Storage.BAT1	0	-1.19904e-017	-1.79384	214.789
7740.81	Storage.BAT1	0	-1.19904e-017	-1.79384	214.789
7800.81	Storage.BAT1	0	-1.19904e-017	-1.79384	214.789
7860.81	Storage.BAT1	0	-1.19904e-017	-1.79384	214.789
7920.81	Storage.BAT1	0	-1.19904e-017	-1.79384	214.789
7980.81	Storage.BAT1	0	-1.19904e-017	-1.79384	214.789
8040.81	Storage.BAT1	0	-1.19904e-017	-1.79384	214.789
8100.81	Storage.BAT1	0	-5.72875e-017	-1.97758	213.469
8160.81	Storage.BAT1	0	-5.72875e-017	-1.97758	213.473
8220.81	Storage.BAT1	0	-5.72875e-017	-1.97758	213.473
8280.81	Storage.BAT1	0	-5.72875e-017	-1.97758	213.473
8340.81	Storage.BAT1	0	-5.72875e-017	-1.97758	213.473
8400.81	Storage.BAT1	0	-5.72875e-017	-1.97758	213.473
8460.81	Storage.BAT1	0	-5.72875e-017	-1.97758	213.473
8520.81	Storage.BAT1	0	-5.72875e-017	-1.97758	213.473
8580.81	Storage.BAT1	0	-5.72875e-017	-1.97758	213.473
8640.81	Storage.BAT1	0	-5.72875e-017	-1.97758	213.473
8700.81	Storage.BAT1	0	-5.72875e-017	-1.97758	213.473
8760.81	Storage.BAT1	0	-5.72875e-017	-1.97758	213.473
8820.81	Storage.BAT1	0	-5.72875e-017	-1.97758	213.473
8880.81	Storage.BAT1	0	-5.72875e-017	-1.97758	213.473
8940.81	Storage.BAT1	0	-5.72875e-017	-1.97758	213.473
9000.81	Storage.BAT1	0	-1.13243e-016	-1.8113	214.834
9060.81	Storage.BAT1	0	-1.13243e-016	-1.8113	214.834
9120.81	Storage.BAT1	0	-1.13243e-016	-1.8113	214.834
9180.81	Storage.BAT1	0	-1.13243e-016	-1.8113	214.834
9240.81	Storage.BAT1	0	-1.13243e-016	-1.8113	214.834
9300.81	Storage.BAT1	0	-1.13243e-016	-1.8113	214.834
9360.81	Storage.BAT1	0	-1.13243e-016	-1.8113	214.834
9420.81	Storage.BAT1	0	-1.13243e-016	-1.8113	214.834
9480.81	Storage.BAT1	0	-1.13243e-016	-1.8113	214.834
9540.81	Storage.BAT1	0	-1.13243e-016	-1.8113	214.834
9600.81	Storage.BAT1	0	-1.13243e-016	-1.8113	214.834
9660.81	Storage.BAT1	0	-1.13243e-016	-1.8113	214.834
9720.81	Storage.BAT1	0	-1.13243e-016	-1.8113	214.834
9780.81	Storage.BAT1	0	-1.13243e-016	-1.8113	214.834
9840.81	Storage.BAT1	0	-1.13243e-016	-1.8113	214.834
9900.81	Storage.BAT1	0	-5.59552e-017	-2.15	214.773
9960.81	Storage.BAT1	0	-5.59552e-017	-2.15	214.773
10020.81	Storage.BAT1	0	-5.59552e-017	-2.15	214.773
10080.81	Storage.BAT1	0	-5.59552e-017	-2.15	214.773
10140.81	Storage.BAT1	0	-5.59552e-017	-2.15	214.773
10200.81	Storage.BAT1	0	-5.59552e-017	-2.15	214.773
10260.81	Storage.BAT1	0	-5.59552e-017	-2.15	214.773
10320.81	Storage.BAT1	0	-5.59552e-017	-2.15	214.773
10380.81	Storage.BAT1	0	-5.59552e-017	-2.15	214.773
10440.81	Storage.BAT1	0	-5.59552e-017	-2.15	214.773
10500.81	Storage.BAT1	0	-5.59552e-017	-2.15	214.773
10560.81	Storage.BAT1	0	-5.59552e-017	-2.15	214.773
10620.81	Storage.BAT1	0	-5.59552e-017	-2.15	214.773
10680.81	Storage.BAT1	0	-5.59552e-017	-2.15	214.773
10740.81	Storage.BAT1	0	-5.59552e-017	-2.15	214.773
10800.81	Storage.BAT1	0	0	-1.71383	214.788
10860.81	Storage.BAT1	0	0	-1.71383	214.788
10920.81	Storage.BAT1	0	0	-1.71383	214.788
10980.81	Storage.BAT1	0	0	-1.71383	214.788
11040.81	Storage.BAT1	0	0	-1.71383	214.788
11100.81	Storage.BAT1	0	0	-1.71383	214.788
11160.81	Storage.BAT1	0	0	-1.71383	214.788
11220.81	Storage.BAT1	0	0	-1.71383	214.788
11280.81	Storage.BAT1	0	0	-1.71383	214.788
11340.81	Storage.BAT1	0	0	-1.71383	214.788
11400.81	Storage.BAT1	0	0	-1.71383	214.788
11460.81	Storage.BAT1	0	0	-1.71383	214.788
11520.81	Storage.BAT1	0	0	-1.71383	214.788
11580.81	Storage.BAT1	0	0	-1.71383	214.788
11640.81	Storage.BAT1	0	0	-1.71383	214.788
11700.81	Storage.BAT1	0	0	-1.80757	214.857
11760.81	Storage.BAT1	0	0	-1.80757	214.857
11820.81	Storage.BAT1	0	0	-1.80757	214.857
11880.81	Storage.BAT1	0	0	-1.80757	214.857
11940.81	Storage.BAT1	0	0	-1.80757	214.857
12000.81	Storage.BAT1	0	0	-1.80757	214.857
12060.81	Storage.BAT1	0	0	-1.80757	214.857
12120.81	Storage.BAT1	0	0	-1.80757	214.857
12180.81	Storage.BAT1	0	0	-1.80757	214.857
12240.81	Storage.BAT1	0	0	-1.80757	214.857
12300.81	Storage.BAT1	0	0	-1.80757	214.857
12360.81	Storage.BAT1	0	0	-1.80757	214.857
12420.81	Storage.BAT1	0	0	-1.80757	214.857
12480.81	Storage.BAT1	0	0	-1.80757	214.857
12540.81	Storage.BAT1	0	0	-1.80757	214.857
12600.81	Storage.BAT1	0	5.63993e-017	-1.87334	214.872
12660.81	Storage.BAT1	0	5.63993e-017	-1.87334	214.872
12720.81	Storage.BAT1	0	5.63993e-017	-1.87334	214.872
12780.81	Storage.BAT1	0	5.63993e-017	-1.87334	214.872
12840.81	Storage.BAT1	0	5.63993e-017	-1.87334	214.872
12900.81	Storage.BAT1	0	5.63993e-017	-1.87334	214.872
12960.81	Storage.BAT1	0	5.63993e-017	-1.87334	214.872
13020.81	Storage.BAT1	0	5.63993e-017	-1.87334	214.872
13080.81	Storage.BAT1	0	5.63993e-017	-1.87334	214.872
13140.81	Storage.BAT1	0	5.63993e-017	-1.87334	214.872
13200.81	Storage.BAT1	0	5.63993e-017	-1.87334	214.872
13260.81	Storage.BAT1	0	5.63993e-017	-1.87334	214.872
13320.81	Storage.BAT1	0	5.63993e-017	-1.87334	214.872
13380.81	Storage.BAT1	0	5.63993e-017	-1.87334	214.872
13440.81	Storage.BAT1	0	5.63993e-017	-1.87334	214.872
13500.81	Storage.BAT1	0	0	-1.71986	214.852
13560.81	Storage.BAT1	0	0	-1.71986	214.852
13620.81	Storage.BAT1	0	0	-1.71986	214.852
13680.81	Storage.BAT1	0	0	-1.71986	214.852
13740.81	Storage.BAT1	0	0	-1.71986	214.852
13800.81	Storage.BAT1	0	0	-1.71986	214.852
13860.81	Storage.BAT1	0	0	-1.71986	214.852
13920.81	Storage.BAT1	0	0	-1.71986	214.852
13980.81	Storage.BAT1	0	0	-1.71986	214.852
14040.81	Storage.BAT1	0	0	-1.71986	214.852
14100.81	Storage.BAT1	0	0	-1.71986	214.852
14160.81	Storage.BAT1	0	0	-1.71986	214.852
14220.81	Storage.BAT1	0	0	-1.71986	214.852
14280.81	Storage.BAT1	0	0	-1.71986	214.852
14340.81	Storage.BAT1	0	0	-1.71986	214.852
14400.81	Storage.BAT1	0	-4.44089e-019	-1.80015	213.497
14460.81	Storage.BAT1	0	-4.44089e-019	-1.80015	213.497
14520.81	Storage.BAT1	0	-4.44089e-019	-1.80015	213.497
14580.81	Storage.BAT1	0	-4.44089e-019	-1.80015	213.497
14640.81	Storage.BAT1	0	-4.44089e-019	-1.80015	213.497
14700.81	Storage.BAT1	0	-4.44089e-019	-1.80015	213.497
14760.81	Storage.BAT1	0	-4.44089e-019	-1.80015	213.497
14820.81	Storage.BAT1	0	-4.44089e-019	-1.80015	213.497
14880.81	Storage.BAT1	0	-4.44089e-019	-1.80015	213.497
14940.81	Storage.BAT1	0	-4.44089e-019	-1.80015	213.497
15000.81	Storage.BAT1	0	-4.44089e-019	-1.80015	213.497
15060.81	Storage.BAT1	0	-4.44089e-019	-1.80015	213.497
15120.81	Storage.BAT1	0	-4.44089e-019	-1.80015	213.497
15180.81	Storage.BAT1	0	-4.44089e-019	-1.80015	213.497
15240.81	Storage.BAT1	0	-4.44089e-019	-1.80015	213.497
15300.81	Storage.BAT1	0	2.79776e-017	-1.48691	213.514
15360.81	Storage.BAT1	0	2.79776e-017	-1.48691	213.514
15420.81	Storage.BAT1	0	2.79776e-017	-1.48691	213.514
15480.81	Storage.BAT1	0	2.79776e-017	-1.48691	213.514
15540.81	Storage.BAT1	0	2.79776e-017	-1.48691	213.514
15600.81	Storage.BAT1	0	2.79776e-017	-1.48691	213.514
15660.81	Storage.BAT1	0	2.79776e-017	-1.48691	213.514
15720.81	Storage.BAT1	0	2.79776e-017	-1.48691	213.514
15780.81	Storage.BAT1	0	2.79776e-017	-1.48691	213.514
15840.81	Storage.BAT1	0	2.79776e-017	-1.48691	213.514
15900.81	Storage.BAT1	0	2.79776e-017	-1.48691	213.514
15960.81	Storage.BAT1	0	2.79776e-017	-1.48691	213.514
16020.81	Storage.BAT1	0	2.79776e-017	-1.48691	213.514
16080.81	Storage.BAT1	0	2.79776e-017	-1.48691	213.514
16140.81	Storage.BAT1	0	2.79776e-017	-1.48691	213.514
16200.81	Storage.BAT1	0	-5.68434e-017	-1.96525	214.754
16260.81	Storage.BAT1	0	-5.68434e-017	-1.96525	214.754
16320.81	Storage.BAT1	0	-5.68434e-017	-1.96525	214.754
16380.81	Storage.BAT1	0	-5.68434e-017	-1.96525	214.754
16440.81	Storage.BAT1	0	-5.68434e-017	-1.96525	214.754
16500.81	Storage.BAT1	0	-5.68434e-017	-1.96525	214.754
16560.81	Storage.BAT1	0	-5.68434e-017	-1.96525	214.754
16620.81	Storage.BAT1	0	-5.68434e-017	-1.96525	214.754
16680.81	Storage.BAT1	0	-5.68434e-017	-1.96525	214.754
16740.81	Storage.BAT1	0	-5.68434e-017	-1.96525	214.754
16800.81	Storage.BAT1	0	-5.68434e-017	-1.96525	214.754
16860.81	Storage.BAT1	0	-5.68434e-017	-1.96525	214.754
16920.81	Storage.BAT1	0	-5.68434e-017	-1.96525	214.754
16980.81	Storage.BAT1	0	-5.68434e-017	-1.96525	214.754
17040.81	Storage.BAT1	0	-5.68434e-017	-1.96525	214.754
17100.81	Storage.BAT1	0	0	-2.0728	214.693
17160.81	Storage.BAT1	0	0	-2.0728	214.693
17220.81	Storage.BAT1	0	0	-2.0728	214.693
17280.81	Storage.BAT1	0	0	-2.0728	214.693
17340.81	Storage.BAT1	0	0	-2.0728	214.693
17400.81	Storage.BAT1	0	0	-2.0728	214.693
17460.81	Storage.BAT1	0	0	-2.0728	214.693
17520.81	Storage.BAT1	0	0	-2.0728	214.693
17580.81	Storage.BAT1	0	0	-2.0728	214.693
17640.81	Storage.BAT1	0	0	-2.0728	214.693
17700.81	Storage.BAT1	0	0	-2.0728	214.693
17760.81	Storage.BAT1	0	0	-2.0728	214.693
17820.81	Storage.BAT1	0	0	-2.0728	214.693
17880.81	Storage.BAT1	0	0	-2.0728	214.693
17940.81	Storage.BAT1	0	0	-2.0728	214.693
18000.81	Storage.BAT1	0	5.59552e-017	-1.95181	214.705
18060.81	Storage.BAT1	0	5.59552e-017	-1.95181	214.705
18120.81	Storage.BAT1	0	5.59552e-017	-1.95181	214.705
18180.81	Storage.BAT1	0	5.59552e-017	-1.95181	214.705
18240.81	Storage.BAT1	0	5.59552e-017	-1.95181	214.705
18300.81	Storage.BAT1	0	5.59552e-017	-1.95181	214.705
18360.81	Storage.BAT1	0	5.59552e-017	-1.95181	214.705
18420.81	Storage.BAT1	0	5.59552e-017	-1.95181	214.705
18480.81	Storage.BAT1	0	5.59552e-017	-1.95181	214.705
18540.81	Storage.BAT1	0	5.59552e-017	-1.95181	214.705
18600.81	Storage.BAT1	0	5.59552e-017	-1.95181	214.705
18660.81	Storage.BAT1	0	5.59552e-017	-1.95181	214.705
18720.81	Storage.BAT1	0	5.59552e-017	-1.95181	214.705
18780.81	Storage.BAT1	0	5.59552e-017	-1.95181	214.705
18840.81	Storage.BAT1	0	5.59552e-017	-1.95181	214.705
18900.81	Storage.BAT1	0	1.13687e-016	-2.00558	214.513
18960.81	Storage.BAT1	0	1.13687e-016	-2.00558	214.513
19020.81	Storage.BAT1	0	1.13687e-016	-2.00558	214.513
19080.81	Storage.BAT1	0	1.13687e-016	-2.00558	214.513
19140.81	Storage.BAT1	0	1.13687e-016	-2.00558	214.513
19200.81	Storage.BAT1	0	1.13687e-016	-2.00558	214.513
19260.81	Storage.BAT1	0	1.13687e-016	-2.00558	214.513
19320.81	Storage.BAT1	0	1.13687e-016	-2.00558	214.513
19380.81	Storage.BAT1	0	1.13687e-016	-2.00558	214.513
19440.81	Storage.BAT1	0	1.13687e-016	-2.00558	214.513
19500.81	Storage.BAT1	0	1.13687e-016	-2.00558	214.513
19560.81	Storage.BAT1	0	1.13687e-016	-2.00558	214.513
19620.81	Storage.BAT1	0	1.13687e-016	-2.00558	214.513
19680.81	Storage.BAT1	0	1.13687e-016	-2.00558	214.513
19740.81	Storage.BAT1	0	1.13687e-016	-2.00558	214.513
19800.81	Storage.BAT1	0	1.85967e-014	-2.15	214.102
19860.81	Storage.BAT1	0	0	-2.15	214.102
19920.81	Storage.BAT1	0	0	-2.15	214.102
19980.81	Storage.BAT1	0	0	-2.15	214.102
20040.81	Storage.BAT1	0	0	-2.15	214.102
20100.81	Storage.BAT1	0	0	-2.15	214.102
20160.81	Storage.BAT1	0	0	-2.15	214.102
20220.81	Storage.BAT1	0	0	-2.15	214.102
20280.81	Storage.BAT1	0	0	-2.15	214.102
20340.81	Storage.BAT1	0	0	-2.15	214.102
20400.81	Storage.BAT1	0	0	-2.15	214.102
20460.81	Storage.BAT1	0	0	-2.15	214.102
20520.81	Storage.BAT1	0	0	-2.15	214.102
20580.81	Storage.BAT1	0	0	-2.15	214.102
20640.81	Storage.BAT1	0	0	-2.15	214.102
20700.81	Storage.BAT1	0	0	-1.84163	213.612
20760.81	Storage.BAT1	0	0	-1.84163	213.612
20820.81	Storage.BAT1	0	0	-1.84163	213.612
20880.81	Storage.BAT1	0	0	-1.84163	213.612
20940.81	Storage.BAT1	0	0	-1.84163	213.612
21000.81	Storage.BAT1	0	0	-1.84163	213.612
21060.81	Storage.BAT1	0	0	-1.84163	213.612
21120.81	Storage.BAT1	0	0	-1.84163	213.612
21180.81	Storage.BAT1	0	0	-1.84163	213.612
21240.81	Storage.BAT1	0	0	-1.84163	213.612
21300.81	Storage.BAT1	0	0	-1.84163	213.612
21360.81	Storage.BAT1	0	0	-1.84163	213.612
21420.81	Storage.BAT1	0	0	-1.84163	213.612
21480.81	Storage.BAT1	0	0	-1.84163	213.612
21540.81	Storage.BAT1	0	0	-1.84163	213.612
21600.81	Storage.BAT1	0	5.68434e-017	-2.15	213.774
21660.81	Storage.BAT1	0	5.68434e-017	-2.15	213.814
21720.81	Storage.BAT1	0	5.68434e-017	-2.15	213.814
21780.81	Storage.BAT1	0	5.68434e-017	-2.15	213.814
21840.81	Storage.BAT1	0	5.68434e-017	-2.15	213.814
21900.81	Storage.BAT1	0	5.68434e-017	-2.15	213.814
21960.81	Storage.BAT1	0	5.68434e-017	-2.15	213.814
22020.81	Storage.BAT1	0	5.68434e-017	-2.15	213.814
22080.81	Storage.BAT1	0	5.68434e-017	-2.15	213.814
22140.81	Storage.BAT1	0	5.68434e-017	-2.15	213.814
22200.81	Storage.BAT1	0	5.68434e-017	-2.15	213.814
22260.81	Storage.BAT1	0	5.68434e-017	-2.15	213.814
22320.81	Storage.BAT1	0	5.68434e-017	-2.15	213.814
22380.81	Storage.BAT1	0	5.68434e-017	-2.15	213.814
22440.81	Storage.BAT1	0	5.68434e-017	-2.15	213.814
22500.81	Storage.BAT1	0	-5.68434e-017	-2.15	214.289
22560.81	Storage.BAT1	0	-5.68434e-017	-2.15	214.289
22620.81	Storage.BAT1	0	-5.68434e-017	-2.15	214.289
22680.81	Storage.BAT1	0	-5.68434e-017	-2.15	214.289
22740.81	Storage.BAT1	0	-5.68434e-017	-2.15	214.289
22800.81	Storage.BAT1	0	-5.68434e-017	-2.15	214.289
22860.81	Storage.BAT1	0	-5.68434e-017	-2.15	214.289
22920.81	Storage.BAT1	0	-5.68434e-017	-2.15	214.289
22980.81	Storage.BAT1	0	-5.68434e-017	-2.15	214.289
23040.81	Storage.BAT1	0	-5.68434e-017	-2.15	214.289
