0.81	Storage.BAT1	100	0.0524831	1.15289e-018	236.605
60.81	Storage.BAT1	100	0.0450121	2.06751e-019	219.119
120.81	Storage.BAT1	100	0.0450121	2.06751e-019	219.119
180.81	Storage.BAT1	100	0.0450121	2.06751e-019	219.119
240.81	Storage.BAT1	100	0.0450121	2.06751e-019	219.119
300.81	Storage.BAT1	100	0.0450121	2.06751e-019	219.119
360.81	Storage.BAT1	100	0.0450121	2.06751e-019	219.119
420.81	Storage.BAT1	100	0.0450121	2.06751e-019	219.119
480.81	Storage.BAT1	100	0.0450121	2.06751e-019	219.119
540.81	Storage.BAT1	100	0.0450121	2.06751e-019	219.119
600.81	Storage.BAT1	100	0.0450121	2.06751e-019	219.119
660.81	Storage.BAT1	100	0.0450121	2.06751e-019	219.119
720.81	Storage.BAT1	100	0.0450121	2.06751e-019	219.119
780.81	Storage.BAT1	100	0.0450121	2.06751e-019	219.119
840.81	Storage.BAT1	100	0.0450121	2.06751e-019	219.119
900.81	Storage.BAT1	100	0.0453003	7.60764e-019	219.819
960.81	Storage.BAT1	100	0.0453003	7.60764e-019	219.819
1020.81	Storage.BAT1	100	0.0453003	7.60764e-019	219.819
1080.81	Storage.BAT1	100	0.0453003	7.60764e-019	219.819
1140.81	Storage.BAT1	100	0.0453003	7.60764e-019	219.819
1200.81	Storage.BAT1	100	0.0453003	7.60764e-019	219.819
1260.81	Storage.BAT1	100	0.0453003	7.60764e-019	219.819
1320.81	Storage.BAT1	100	0.0453003	7.60764e-019	219.819
1380.81	Storage.BAT1	100	0.0453003	7.60764e-019	219.819
1440.81	Storage.BAT1	100	0.0453003	7.60764e-019	219.819
1500.81	Storage.BAT1	100	0.0453003	7.60764e-019	219.819
1560.81	Storage.BAT1	100	0.0453003	7.60764e-019	219.819
1620.81	Storage.BAT1	100	0.0453003	7.60764e-019	219.819
1680.81	Storage.BAT1	100	0.0453003	7.60764e-019	219.819
1740.81	Storage.BAT1	100	0.0453003	7.60764e-019	219.819
1800.81	Storage.BAT1	100	0.0454907	1.41929e-019	220.28
1860.81	Storage.BAT1	100	0.0454907	1.41929e-019	220.28
1920.81	Storage.BAT1	100	0.0454907	1.41929e-019	220.28
1980.81	Storage.BAT1	100	0.0454907	1.41929e-019	220.28
2040.81	Storage.BAT1	100	0.0454907	1.41929e-019	220.28
2100.81	Storage.BAT1	100	0.0454907	1.41929e-019	220.28
2160.81	Storage.BAT1	100	0.0454907	1.41929e-019	220.28
2220.81	Storage.BAT1	100	0.0454907	1.41929e-019	220.28
2280.81	Storage.BAT1	100	0.0454907	1.41929e-019	220.28
2340.81	Storage.BAT1	100	0.0454907	1.41929e-019	220.28
2400.81	Storage.BAT1	100	0.0454907	1.41929e-019	220.28
2460.81	Storage.BAT1	100	0.0454907	1.41929e-019	220.28
2520.81	Storage.BAT1	100	0.0454907	1.41929e-019	220.28
2580.81	Storage.BAT1	100	0.0454907	1.41929e-019	220.28
2640.81	Storage.BAT1	100	0.0454907	1.41929e-019	220.28
2700.81	Storage.BAT1	100	0.0457208	-6.86076e-019	220.837
2760.81	Storage.BAT1	100	0.0457208	-6.86076e-019	220.837
2820.81	Storage.BAT1	100	0.0457208	-6.86076e-019	220.837
2880.81	Storage.BAT1	100	0.0457208	-6.86076e-019	220.837
2940.81	Storage.BAT1	100	0.0451081	-1.38758e-019	219.352
3000.81	Storage.BAT1	100	0.0451081	-1.38758e-019	219.352
3060.81	Storage.BAT1	100	0.0451081	-1.38758e-019	219.352
3120.81	Storage.BAT1	100	0.0451081	-1.38758e-019	219.352
3180.81	Storage.BAT1	100	0.0451081	-1.38758e-019	219.352
3240.81	Storage.BAT1	100	0.0451081	-1.38758e-019	219.352
3300.81	Storage.BAT1	100	0.0451081	-1.38758e-019	219.352
3360.81	Storage.BAT1	100	0.0451081	-1.38758e-019	219.352
3420.81	Storage.BAT1	100	0.0451081	-1.38758e-019	219.352
3480.81	Storage.BAT1	100	0.0451081	-1.38758e-019	219.352
3540.81	Storage.BAT1	100	0.0451081	-1.38758e-019	219.352
3600.81	Storage.BAT1	100	0.0452165	-3.01202e-018	219.615
3660.81	Storage.BAT1	100	0.0452165	-3.01202e-018	219.615
3720.81	Storage.BAT1	100	0.0452165	-3.01202e-018	219.615
3780.81	Storage.BAT1	100	0.0452165	-3.01202e-018	219.615
3840.81	Storage.BAT1	100	0.0452165	-3.01202e-018	219.615
3900.81	Storage.BAT1	100	0.0452165	-3.01202e-018	219.615
3960.81	Storage.BAT1	100	0.0452165	-3.01202e-018	219.615
4020.81	Storage.BAT1	100	0.0452165	-3.01202e-018	219.615
4080.81	Storage.BAT1	100	0.0452165	-3.01202e-018	219.615
4140.81	Storage.BAT1	100	0.0452165	-3.01202e-018	219.615
4200.81	Storage.BAT1	100	0.0452165	-3.01202e-018	219.615
4260.81	Storage.BAT1	100	0.0452165	-3.01202e-018	219.615
4320.81	Storage.BAT1	100	0.0452165	-3.01202e-018	219.615
4380.81	Storage.BAT1	100	0.0452165	-3.01202e-018	219.615
4440.81	Storage.BAT1	100	0.0452165	-3.01202e-018	219.615
4500.81	Storage.BAT1	100	0.0453022	-2.79263e-019	219.823
4560.81	Storage.BAT1	100	0.0453022	-2.79263e-019	219.823
4620.81	Storage.BAT1	100	0.0453022	-2.79263e-019	219.823
4680.81	Storage.BAT1	100	0.0453022	-2.79263e-019	219.823
4740.81	Storage.BAT1	100	0.0453022	-2.79263e-019	219.823
4800.81	Storage.BAT1	100	0.0453022	-2.79263e-019	219.823
4860.81	Storage.BAT1	100	0.0453022	-2.79263e-019	219.823
4920.81	Storage.BAT1	100	0.0453022	-2.79263e-019	219.823
4980.81	Storage.BAT1	100	0.0453022	-2.79263e-019	219.823
5040.81	Storage.BAT1	100	0.0453022	-2.79263e-019	219.823
5100.81	Storage.BAT1	100	0.0453022	-2.79263e-019	219.823
5160.81	Storage.BAT1	100	0.0453022	-2.79263e-019	219.823
5220.81	Storage.BAT1	100	0.0453022	-2.79263e-019	219.823
5280.81	Storage.BAT1	100	0.0453022	-2.79263e-019	219.823
5340.81	Storage.BAT1	100	0.0453022	-2.79263e-019	219.823
5400.81	Storage.BAT1	100	0.0453948	9.80336e-019	220.048
5460.81	Storage.BAT1	100	0.0453948	9.80336e-019	220.048
5520.81	Storage.BAT1	100	0.0453948	9.80336e-019	220.048
5580.81	Storage.BAT1	100	0.0453948	9.80336e-019	220.048
5640.81	Storage.BAT1	100	0.0453948	9.80336e-019	220.048
5700.81	Storage.BAT1	100	0.0453948	9.80336e-019	220.048
5760.81	Storage.BAT1	100	0.0453948	9.80336e-019	220.048
5820.81	Storage.BAT1	100	0.0453948	9.80336e-019	220.048
5880.81	Storage.BAT1	100	0.0453948	9.80336e-019	220.048
5940.81	Storage.BAT1	100	0.0453948	9.80336e-019	220.048
6000.81	Storage.BAT1	100	0.0453948	9.80336e-019	220.048
6060.81	Storage.BAT1	100	0.0453948	9.80336e-019	220.048
6120.81	Storage.BAT1	100	0.0453948	9.80336e-019	220.048
6180.81	Storage.BAT1	100	0.0453948	9.80336e-019	220.048
6240.81	Storage.BAT1	100	0.0453948	9.80336e-019	220.048
6300.81	Storage.BAT1	100	0.0453868	-3.52125e-019	220.029
6360.81	Storage.BAT1	100	0.0453868	-3.52125e-019	220.029
6420.81	Storage.BAT1	100	0.0453868	-3.52125e-019	220.029
6480.81	Storage.BAT1	100	0.0453868	-3.52125e-019	220.029
6540.81	Storage.BAT1	100	0.0453868	-3.52125e-019	220.029
6600.81	Storage.BAT1	100	0.0453868	-3.52125e-019	220.029
6660.81	Storage.BAT1	100	0.0453868	-3.52125e-019	220.029
6720.81	Storage.BAT1	100	0.0453868	-3.52125e-019	220.029
6780.81	Storage.BAT1	100	0.0453868	-3.52125e-019	220.029
6840.81	Storage.BAT1	100	0.0453868	-3.52125e-019	220.029
6900.81	Storage.BAT1	100	0.0453868	-3.52125e-019	220.029
6960.81	Storage.BAT1	100	0.0453868	-3.52125e-019	220.029
7020.81	Storage.BAT1	100	0.0453868	-3.52125e-019	220.029
7080.81	Storage.BAT1	100	0.0453868	-3.52125e-019	220.029
7140.81	Storage.BAT1	100	0.0453868	-3.52125e-019	220.029
7200.81	Storage.BAT1	100	0.0454596	3.96039e-019	220.205
7260.81	Storage.BAT1	100	0.0454596	3.96039e-019	220.205
7320.81	Storage.BAT1	100	0.0454596	3.96039e-019	220.205
7380.81	Storage.BAT1	100	0.0454596	3.96039e-019	220.205
7440.81	Storage.BAT1	100	0.0454596	3.96039e-019	220.205
7500.81	Storage.BAT1	100	0.0454596	3.96039e-019	220.205
7560.81	Storage.BAT1	100	0.0454596	3.96039e-019	220.205
7620.81	Storage.BAT1	100	0.0454596	3.96039e-019	220.205
7680.81	Storage.BAT1	100	0.0454596	3.96039e-019	220.205
7740.81	Storage.BAT1	100	0.0454596	3.96039e-019	220.205
7800.81	Storage.BAT1	100	0.0454596	3.96039e-019	220.205
7860.81	Storage.BAT1	100	0.0454596	3.96039e-019	220.205
7920.81	Storage.BAT1	100	0.0454596	3.96039e-019	220.205
7980.81	Storage.BAT1	100	0.0454596	3.96039e-019	220.205
8040.81	Storage.BAT1	100	0.0454596	3.96039e-019	220.205
8100.81	Storage.BAT1	100	0.0455009	4.04438e-019	220.305
8160.81	Storage.BAT1	100	0.0455009	4.04438e-019	220.305
8220.81	Storage.BAT1	100	0.0455009	4.04438e-019	220.305
8280.81	Storage.BAT1	100	0.0455009	4.04438e-019	220.305
8340.81	Storage.BAT1	100	0.0455009	4.04438e-019	220.305
8400.81	Storage.BAT1	100	0.0455009	4.04438e-019	220.305
8460.81	Storage.BAT1	100	0.0455009	4.04438e-019	220.305
8520.81	Storage.BAT1	100	0.0455009	4.04438e-019	220.305
8580.81	Storage.BAT1	100	0.0455009	4.04438e-019	220.305
8640.81	Storage.BAT1	100	0.0455009	4.04438e-019	220.305
8700.81	Storage.BAT1	100	0.0455009	4.04438e-019	220.305
8760.81	Storage.BAT1	100	0.0455009	4.04438e-019	220.305
8820.81	Storage.BAT1	100	0.0455009	4.04438e-019	220.305
8880.81	Storage.BAT1	100	0.0455009	4.04438e-019	220.305
8940.81	Storage.BAT1	100	0.0455009	4.04438e-019	220.305
9000.81	Storage.BAT1	100	0.0454866	6.92561e-019	220.27
9060.81	Storage.BAT1	100	0.0454866	6.92561e-019	220.27
9120.81	Storage.BAT1	100	0.0454866	6.92561e-019	220.27
9180.81	Storage.BAT1	100	0.0454866	6.92561e-019	220.27
9240.81	Storage.BAT1	100	0.0454866	6.92561e-019	220.27
9300.81	Storage.BAT1	100	0.0454866	6.92561e-019	220.27
9360.81	Storage.BAT1	100	0.0454866	6.92561e-019	220.27
9420.81	Storage.BAT1	100	0.0454866	6.92561e-019	220.27
9480.81	Storage.BAT1	100	0.0454866	6.92561e-019	220.27
9540.81	Storage.BAT1	100	0.0454866	6.92561e-019	220.27
9600.81	Storage.BAT1	100	0.0454866	6.92561e-019	220.27
9660.81	Storage.BAT1	100	0.0454866	6.92561e-019	220.27
9720.81	Storage.BAT1	100	0.0454866	6.92561e-019	220.27
9780.81	Storage.BAT1	100	0.0454866	6.92561e-019	220.27
9840.81	Storage.BAT1	100	0.0454866	6.92561e-019	220.27
9900.81	Storage.BAT1	100	0.0454468	-1.37809e-019	220.174
9960.81	Storage.BAT1	100	0.0454468	-1.37809e-019	220.174
10020.81	Storage.BAT1	100	0.0454468	-1.37809e-019	220.174
10080.81	Storage.BAT1	100	0.0454468	-1.37809e-019	220.174
10140.81	Storage.BAT1	100	0.0454468	-1.37809e-019	220.174
10200.81	Storage.BAT1	100	0.0454468	-1.37809e-019	220.174
10260.81	Storage.BAT1	100	0.0454468	-1.37809e-019	220.174
10320.81	Storage.BAT1	100	0.0454468	-1.37809e-019	220.174
10380.81	Storage.BAT1	100	0.0454468	-1.37809e-019	220.174
10440.81	Storage.BAT1	100	0.0454468	-1.37809e-019	220.174
10500.81	Storage.BAT1	100	0.0454468	-1.37809e-019	220.174
10560.81	Storage.BAT1	100	0.0454468	-1.37809e-019	220.174
10620.81	Storage.BAT1	100	0.0454468	-1.37809e-019	220.174
10680.81	Storage.BAT1	100	0.0454468	-1.37809e-019	220.174
10740.81	Storage.BAT1	100	0.0454468	-1.37809e-019	220.174
10800.81	Storage.BAT1	100	0.045478	2.05403e-018	220.25
10860.81	Storage.BAT1	100	0.045478	2.05403e-018	220.25
10920.81	Storage.BAT1	100	0.045478	2.05403e-018	220.25
10980.81	Storage.BAT1	100	0.045478	2.05403e-018	220.25
11040.81	Storage.BAT1	100	0.045478	2.05403e-018	220.25
11100.81	Storage.BAT1	100	0.045478	2.05403e-018	220.25
11160.81	Storage.BAT1	100	0.045478	2.05403e-018	220.25
11220.81	Storage.BAT1	100	0.045478	2.05403e-018	220.25
11280.81	Storage.BAT1	100	0.045478	2.05403e-018	220.25
11340.81	Storage.BAT1	100	0.045478	2.05403e-018	220.25
11400.81	Storage.BAT1	100	0.045478	2.05403e-018	220.25
11460.81	Storage.BAT1	100	0.045478	2.05403e-018	220.25
11520.81	Storage.BAT1	100	0.045478	2.05403e-018	220.25
11580.81	Storage.BAT1	100	0.045478	2.05403e-018	220.25
11640.81	Storage.BAT1	100	0.045478	2.05403e-018	220.25
11700.81	Storage.BAT1	100	0.0455082	1.01229e-018	220.323
11760.81	Storage.BAT1	100	0.0455082	1.01229e-018	220.323
11820.81	Storage.BAT1	100	0.0455082	1.01229e-018	220.323
11880.81	Storage.BAT1	100	0.0455082	1.01229e-018	220.323
11940.81	Storage.BAT1	100	0.0455082	1.01229e-018	220.323
12000.81	Storage.BAT1	100	0.0455082	1.01229e-018	220.323
12060.81	Storage.BAT1	100	0.0455082	1.01229e-018	220.323
12120.81	Storage.BAT1	100	0.0455082	1.01229e-018	220.323
12180.81	Storage.BAT1	100	0.0455082	1.01229e-018	220.323
12240.81	Storage.BAT1	100	0.0455082	1.01229e-018	220.323
12300.81	Storage.BAT1	100	0.0455082	1.01229e-018	220.323
12360.81	Storage.BAT1	100	0.0455082	1.01229e-018	220.323
12420.81	Storage.BAT1	100	0.0455082	1.01229e-018	220.323
12480.81	Storage.BAT1	100	0.0455082	1.01229e-018	220.323
12540.81	Storage.BAT1	100	0.0455082	1.01229e-018	220.323
12600.81	Storage.BAT1	100	0.0454935	9.78764e-020	220.287
12660.81	Storage.BAT1	100	0.0454935	9.78764e-020	220.287
12720.81	Storage.BAT1	100	0.0454935	9.78764e-020	220.287
12780.81	Storage.BAT1	100	0.0454935	9.78764e-020	220.287
12840.81	Storage.BAT1	100	0.0454935	9.78764e-020	220.287
12900.81	Storage.BAT1	100	0.0454935	9.78764e-020	220.287
12960.81	Storage.BAT1	100	0.0454935	9.78764e-020	220.287
13020.81	Storage.BAT1	100	0.0454935	9.78764e-020	220.287
13080.81	Storage.BAT1	100	0.0454935	9.78764e-020	220.287
13140.81	Storage.BAT1	100	0.0454935	9.78764e-020	220.287
13200.81	Storage.BAT1	100	0.0454935	9.78764e-020	220.287
13260.81	Storage.BAT1	100	0.0454935	9.78764e-020	220.287
13320.81	Storage.BAT1	100	0.0454935	9.78764e-020	220.287
13380.81	Storage.BAT1	100	0.0454935	9.78764e-020	220.287
13440.81	Storage.BAT1	100	0.0454935	9.78764e-020	220.287
13500.81	Storage.BAT1	100	0.0454977	-1.07717e-018	220.297
13560.81	Storage.BAT1	100	0.0454977	-1.07717e-018	220.297
13620.81	Storage.BAT1	100	0.0454977	-1.07717e-018	220.297
13680.81	Storage.BAT1	100	0.0454977	-1.07717e-018	220.297
13740.81	Storage.BAT1	100	0.0454977	-1.07717e-018	220.297
13800.81	Storage.BAT1	100	0.0454977	-1.07717e-018	220.297
13860.81	Storage.BAT1	100	0.0454977	-1.07717e-018	220.297
13920.81	Storage.BAT1	100	0.0454977	-1.07717e-018	220.297
13980.81	Storage.BAT1	100	0.0454977	-1.07717e-018	220.297
14040.81	Storage.BAT1	100	0.0454977	-1.07717e-018	220.297
14100.81	Storage.BAT1	100	0.0454977	-1.07717e-018	220.297
14160.81	Storage.BAT1	100	0.0454977	-1.07717e-018	220.297
14220.81	Storage.BAT1	100	0.0454977	-1.07717e-018	220.297
14280.81	Storage.BAT1	100	0.0454977	-1.07717e-018	220.297
14340.81	Storage.BAT1	100	0.0454977	-1.07717e-018	220.297
14400.81	Storage.BAT1	100	0.0455322	6.24568e-020	220.381
14460.81	Storage.BAT1	100	0.0455322	6.24568e-020	220.381
14520.81	Storage.BAT1	100	0.0455322	6.24568e-020	220.381
14580.81	Storage.BAT1	100	0.0455322	6.24568e-020	220.381
14640.81	Storage.BAT1	100	0.0455322	6.24568e-020	220.381
14700.81	Storage.BAT1	100	0.0455322	6.24568e-020	220.381
14760.81	Storage.BAT1	100	0.0455322	6.24568e-020	220.381
14820.81	Storage.BAT1	100	0.0455322	6.24568e-020	220.381
14880.81	Storage.BAT1	100	0.0455322	6.24568e-020	220.381
14940.81	Storage.BAT1	100	0.0455322	6.24568e-020	220.381
15000.81	Storage.BAT1	100	0.0455322	6.24568e-020	220.381
15060.81	Storage.BAT1	100	0.0455322	6.24568e-020	220.381
15120.81	Storage.BAT1	100	0.0455322	6.24568e-020	220.381
15180.81	Storage.BAT1	100	0.0455322	6.24568e-020	220.381
15240.81	Storage.BAT1	100	0.0455322	6.24568e-020	220.381
15300.81	Storage.BAT1	100	0.0455625	-3.56936e-019	220.454
15360.81	Storage.BAT1	100	0.0455625	-3.56936e-019	220.454
15420.81	Storage.BAT1	100	0.0455625	-3.56936e-019	220.454
15480.81	Storage.BAT1	100	0.0455625	-3.56936e-019	220.454
15540.81	Storage.BAT1	100	0.0455625	-3.56936e-019	220.454
15600.81	Storage.BAT1	100	0.0455625	-3.56936e-019	220.454
15660.81	Storage.BAT1	100	0.0455625	-3.56936e-019	220.454
15720.81	Storage.BAT1	100	0.0455625	-3.56936e-019	220.454
15780.81	Storage.BAT1	100	0.0455625	-3.56936e-019	220.454
15840.81	Storage.BAT1	100	0.0455625	-3.56936e-019	220.454
15900.81	Storage.BAT1	100	0.0455625	-3.56936e-019	220.454
15960.81	Storage.BAT1	100	0.0455625	-3.56936e-019	220.454
16020.81	Storage.BAT1	100	0.0455625	-3.56936e-019	220.454
16080.81	Storage.BAT1	100	0.0455625	-3.56936e-019	220.454
16140.81	Storage.BAT1	100	0.0455625	-3.56936e-019	220.454
16200.81	Storage.BAT1	100	0.0454398	1.7988e-018	220.157
16260.81	Storage.BAT1	100	0.0454398	1.7988e-018	220.157
16320.81	Storage.BAT1	100	0.0454398	1.7988e-018	220.157
16380.81	Storage.BAT1	100	0.0454398	1.7988e-018	220.157
16440.81	Storage.BAT1	100	0.0454398	1.7988e-018	220.157
16500.81	Storage.BAT1	100	0.0454398	1.7988e-018	220.157
16560.81	Storage.BAT1	100	0.0454398	1.7988e-018	220.157
16620.81	Storage.BAT1	100	0.0454398	1.7988e-018	220.157
16680.81	Storage.BAT1	100	0.0454398	1.7988e-018	220.157
16740.81	Storage.BAT1	100	0.0454398	1.7988e-018	220.157
16800.81	Storage.BAT1	100	0.0454398	1.7988e-018	220.157
16860.81	Storage.BAT1	100	0.0454398	1.7988e-018	220.157
16920.81	Storage.BAT1	100	0.0454398	1.7988e-018	220.157
16980.81	Storage.BAT1	100	0.0454398	1.7988e-018	220.157
17040.81	Storage.BAT1	100	0.0454398	1.7988e-018	220.157
17100.81	Storage.BAT1	100	0.0454124	-4.30376e-018	220.091
17160.81	Storage.BAT1	100	0.0454124	-4.30376e-018	220.091
17220.81	Storage.BAT1	100	0.0454124	-4.30376e-018	220.091
17280.81	Storage.BAT1	100	0.0454124	-4.30376e-018	220.091
17340.81	Storage.BAT1	100	0.0454124	-4.30376e-018	220.091
17400.81	Storage.BAT1	100	0.0454124	-4.30376e-018	220.091
17460.81	Storage.BAT1	100	0.0454124	-4.30376e-018	220.091
17520.81	Storage.BAT1	100	0.0454124	-4.30376e-018	220.091
17580.81	Storage.BAT1	100	0.0454124	-4.30376e-018	220.091
17640.81	Storage.BAT1	100	0.0454124	-4.30376e-018	220.091
17700.81	Storage.BAT1	100	0.0454124	-4.30376e-018	220.091
17760.81	Storage.BAT1	100	0.0454124	-4.30376e-018	220.091
17820.81	Storage.BAT1	100	0.0454124	-4.30376e-018	220.091
17880.81	Storage.BAT1	100	0.0454124	-4.30376e-018	220.091
17940.81	Storage.BAT1	100	0.0454124	-4.30376e-018	220.091
18000.81	Storage.BAT1	100	0.0454354	1.50772e-018	220.146
18060.81	Storage.BAT1	100	0.0454354	1.50772e-018	220.146
18120.81	Storage.BAT1	100	0.0454354	1.50772e-018	220.146
18180.81	Storage.BAT1	100	0.0454354	1.50772e-018	220.146
18240.81	Storage.BAT1	100	0.0454354	1.50772e-018	220.146
18300.81	Storage.BAT1	100	0.0454354	1.50772e-018	220.146
18360.81	Storage.BAT1	100	0.0454354	1.50772e-018	220.146
18420.81	Storage.BAT1	100	0.0454354	1.50772e-018	220.146
18480.81	Storage.BAT1	100	0.0454354	1.50772e-018	220.146
18540.81	Storage.BAT1	100	0.0454354	1.50772e-018	220.146
18600.81	Storage.BAT1	100	0.0454354	1.50772e-018	220.146
18660.81	Storage.BAT1	100	0.0454354	1.50772e-018	220.146
18720.81	Storage.BAT1	100	0.0454354	1.50772e-018	220.146
18780.81	Storage.BAT1	100	0.0454354	1.50772e-018	220.146
18840.81	Storage.BAT1	100	0.0454354	1.50772e-018	220.146
18900.81	Storage.BAT1	100	0.0453615	2.93104e-019	219.967
18960.81	Storage.BAT1	100	0.0453615	2.93104e-019	219.967
19020.81	Storage.BAT1	100	0.0453615	2.93104e-019	219.967
19080.81	Storage.BAT1	100	0.0453615	2.93104e-019	219.967
19140.81	Storage.BAT1	100	0.0453615	2.93104e-019	219.967
19200.81	Storage.BAT1	100	0.0453615	2.93104e-019	219.967
19260.81	Storage.BAT1	100	0.0453615	2.93104e-019	219.967
19320.81	Storage.BAT1	100	0.0453615	2.93104e-019	219.967
19380.81	Storage.BAT1	100	0.0453615	2.93104e-019	219.967
19440.81	Storage.BAT1	100	0.0453615	2.93104e-019	219.967
19500.81	Storage.BAT1	100	0.0453615	2.93104e-019	219.967
19560.81	Storage.BAT1	100	0.0453615	2.93104e-019	219.967
19620.81	Storage.BAT1	100	0.0453615	2.93104e-019	219.967
19680.81	Storage.BAT1	100	0.0453615	2.93104e-019	219.967
19740.81	Storage.BAT1	100	0.0453615	2.93104e-019	219.967
19800.81	Storage.BAT1	100	0.0451499	-5.80353e-020	219.454
19860.81	Storage.BAT1	100	0.0451499	-5.80353e-020	219.454
19920.81	Storage.BAT1	100	0.0451499	-5.80353e-020	219.454
19980.81	Storage.BAT1	100	0.0451499	-5.80353e-020	219.454
20040.81	Storage.BAT1	100	0.0451499	-5.80353e-020	219.454
20100.81	Storage.BAT1	100	0.0451499	-5.80353e-020	219.454
20160.81	Storage.BAT1	100	0.0451499	-5.80353e-020	219.454
20220.81	Storage.BAT1	100	0.0451499	-5.80353e-020	219.454
20280.81	Storage.BAT1	100	0.0451499	-5.80353e-020	219.454
20340.81	Storage.BAT1	100	0.0451499	-5.80353e-020	219.454
20400.81	Storage.BAT1	100	0.0451499	-5.80353e-020	219.454
20460.81	Storage.BAT1	100	0.0451499	-5.80353e-020	219.454
20520.81	Storage.BAT1	100	0.0451499	-5.80353e-020	219.454
20580.81	Storage.BAT1	100	0.0451499	-5.80353e-020	219.454
20640.81	Storage.BAT1	100	0.0451499	-5.80353e-020	219.454
20700.81	Storage.BAT1	100	0.0448906	-1.17354e-018	218.822
20760.81	Storage.BAT1	100	0.0448906	-1.17354e-018	218.822
20820.81	Storage.BAT1	100	0.0448906	-1.17354e-018	218.822
20880.81	Storage.BAT1	100	0.0448906	-1.17354e-018	218.822
20940.81	Storage.BAT1	100	0.0448906	-1.17354e-018	218.822
21000.81	Storage.BAT1	100	0.0448906	-1.17354e-018	218.822
21060.81	Storage.BAT1	100	0.0448906	-1.17354e-018	218.822
21120.81	Storage.BAT1	100	0.0448906	-1.17354e-018	218.822
21180.81	Storage.BAT1	100	0.0448906	-1.17354e-018	218.822
21240.81	Storage.BAT1	100	0.0448906	-1.17354e-018	218.822
21300.81	Storage.BAT1	100	0.0448906	-1.17354e-018	218.822
21360.81	Storage.BAT1	100	0.0448906	-1.17354e-018	218.822
21420.81	Storage.BAT1	100	0.0448906	-1.17354e-018	218.822
21480.81	Storage.BAT1	100	0.0448906	-1.17354e-018	218.822
21540.81	Storage.BAT1	100	0.0448906	-1.17354e-018	218.822
21600.81	Storage.BAT1	100	0.0442725	-4.11926e-019	217.311
21660.81	Storage.BAT1	100	0.0442725	-4.11926e-019	217.311
21720.81	Storage.BAT1	100	0.0442725	-4.11926e-019	217.311
21780.81	Storage.BAT1	100	0.0442725	-4.11926e-019	217.311
21840.81	Storage.BAT1	100	0.0442725	-4.11926e-019	217.311
21900.81	Storage.BAT1	100	0.0442725	-4.11926e-019	217.311
21960.81	Storage.BAT1	100	0.0442725	-4.11926e-019	217.311
22020.81	Storage.BAT1	100	0.0442725	-4.11926e-019	217.311
22080.81	Storage.BAT1	100	0.0442725	-4.11926e-019	217.311
22140.81	Storage.BAT1	100	0.0442725	-4.11926e-019	217.311
22200.81	Storage.BAT1	100	0.0442725	-4.11926e-019	217.311
22260.81	Storage.BAT1	100	0.0442725	-4.11926e-019	217.311
22320.81	Storage.BAT1	100	0.0442725	-4.11926e-019	217.311
22380.81	Storage.BAT1	100	0.0442725	-4.11926e-019	217.311
22440.81	Storage.BAT1	100	0.0442725	-4.11926e-019	217.311
22500.81	Storage.BAT1	100	0.0438695	1.83894e-019	216.319
22560.81	Storage.BAT1	100	0.0438695	1.83894e-019	216.319
22620.81	Storage.BAT1	100	0.0438695	1.83894e-019	216.319
22680.81	Storage.BAT1	100	0.0438695	1.83894e-019	216.319
22740.81	Storage.BAT1	100	0.0438695	1.83894e-019	216.319
22800.81	Storage.BAT1	100	0.0438695	1.83894e-019	216.319
22860.81	Storage.BAT1	100	0.0438695	1.83894e-019	216.319
22920.81	Storage.BAT1	100	0.0438695	1.83894e-019	216.319
22980.81	Storage.BAT1	100	0.0438695	1.83894e-019	216.319
23040.81	Storage.BAT1	100	0.0438695	1.83894e-019	216.319
23100.81	Storage.BAT1	100	0.0438695	1.83894e-019	216.319
23160.81	Storage.BAT1	100	0.0438695	1.83894e-019	216.319
23220.81	Storage.BAT1	100	0.0438695	1.83894e-019	216.319
23280.81	Storage.BAT1	100	0.0438695	1.83894e-019	216.319
23340.81	Storage.BAT1	100	0.0438695	1.83894e-019	216.319
23400.81	Storage.BAT1	100	0.0432771	-6.35973e-019	214.854
23460.81	Storage.BAT1	100	0.0432771	-6.35973e-019	214.854
23520.81	Storage.BAT1	100	0.0432771	-6.35973e-019	214.854
23580.81	Storage.BAT1	100	0.0432771	-6.35973e-019	214.854
23640.81	Storage.BAT1	100	0.0432771	-6.35973e-019	214.854
23700.81	Storage.BAT1	100	0.0432771	-6.35973e-019	214.854
23760.81	Storage.BAT1	100	0.0432771	-6.35973e-019	214.854
23820.81	Storage.BAT1	100	0.0432771	-6.35973e-019	214.854
23880.81	Storage.BAT1	100	0.0432771	-6.35973e-019	214.854
23940.81	Storage.BAT1	100	0.0432771	-6.35973e-019	214.854
24000.81	Storage.BAT1	100	0.0432771	-6.35973e-019	214.854
24060.81	Storage.BAT1	100	0.0432771	-6.35973e-019	214.854
24120.81	Storage.BAT1	100	0.0432771	-6.35973e-019	214.854
24180.81	Storage.BAT1	100	0.0432771	-6.35973e-019	214.854
24240.81	Storage.BAT1	100	0.0432771	-6.35973e-019	214.854
24300.81	Storage.BAT1	100	0.0428443	-1.49864e-019	213.777
24360.81	Storage.BAT1	100	0.0428443	-1.49864e-019	213.777
24420.81	Storage.BAT1	100	0.0428443	-1.49864e-019	213.777
24480.81	Storage.BAT1	100	0.0428443	-1.49864e-019	213.777
24540.81	Storage.BAT1	100	0.0428443	-1.49864e-019	213.777
24600.81	Storage.BAT1	100	0.0428443	-1.49864e-019	213.777
24660.81	Storage.BAT1	100	0.0428443	-1.49864e-019	213.777
24720.81	Storage.BAT1	100	0.0428443	-1.49864e-019	213.777
24780.81	Storage.BAT1	100	0.0428443	-1.49864e-019	213.777
24840.81	Storage.BAT1	100	0.0428443	-1.49864e-019	213.777
24900.81	Storage.BAT1	100	0.0428443	-1.49864e-019	213.777
24960.81	Storage.BAT1	100	0.0428443	-1.49864e-019	213.777
25020.81	Storage.BAT1	100	0.0428443	-1.49864e-019	213.777
25080.81	Storage.BAT1	100	0.0428443	-1.49864e-019	213.777
25140.81	Storage.BAT1	100	0.0428443	-1.49864e-019	213.777
25200.81	Storage.BAT1	100	0.0425146	-1.18292e-018	212.953
25260.81	Storage.BAT1	100	0.0425146	-1.18292e-018	212.953
25320.81	Storage.BAT1	100	0.0425146	-1.18292e-018	212.953
25380.81	Storage.BAT1	100	0.0425146	-1.18292e-018	212.953
25440.81	Storage.BAT1	100	0.0425146	-1.18292e-018	212.953
25500.81	Storage.BAT1	100	0.0425146	-1.18292e-018	212.953
25560.81	Storage.BAT1	100	0.0425146	-1.18292e-018	212.953
25620.81	Storage.BAT1	100	0.0425146	-1.18292e-018	212.953
25680.81	Storage.BAT1	100	0.0425146	-1.18292e-018	212.953
25740.81	Storage.BAT1	100	0.0425146	-1.18292e-018	212.953
25800.81	Storage.BAT1	100	0.0425146	-1.18292e-018	212.953
25860.81	Storage.BAT1	100	0.0425146	-1.18292e-018	212.953
25920.81	Storage.BAT1	100	0.0425146	-1.18292e-018	212.953
25980.81	Storage.BAT1	100	0.0425146	-1.18292e-018	212.953
26040.81	Storage.BAT1	100	0.0425146	-1.18292e-018	212.953
26100.81	Storage.BAT1	100	0.0421786	1.92947e-019	212.11
26160.81	Storage.BAT1	100	0.0421786	1.92947e-019	212.11
26220.81	Storage.BAT1	100	0.0421786	1.92947e-019	212.11
26280.81	Storage.BAT1	100	0.0421786	1.92947e-019	212.11
26340.81	Storage.BAT1	100	0.0421786	1.92947e-019	212.11
26400.81	Storage.BAT1	100	0.0421786	1.92947e-019	212.11
26460.81	Storage.BAT1	100	0.0421786	1.92947e-019	212.11
26520.81	Storage.BAT1	100	0.0421786	1.92947e-019	212.11
26580.81	Storage.BAT1	100	0.0421786	1.92947e-019	212.11
26640.81	Storage.BAT1	100	0.0421786	1.92947e-019	212.11
26700.81	Storage.BAT1	100	0.0421786	1.92947e-019	212.11
26760.81	Storage.BAT1	100	0.0421786	1.92947e-019	212.11
26820.81	Storage.BAT1	100	0.0421786	1.92947e-019	212.11
26880.81	Storage.BAT1	100	0.0421786	1.92947e-019	212.11
26940.81	Storage.BAT1	100	0.0421786	1.92947e-019	212.11
27000.81	Storage.BAT1	100	0.0420076	4.81982e-019	211.679
27060.81	Storage.BAT1	100	0.0436377	-5.24971e-019	215.747
27120.81	Storage.BAT1	100	0.0436377	-5.24971e-019	215.747
27180.81	Storage.BAT1	100	0.0436377	-5.24971e-019	215.747
27240.81	Storage.BAT1	100	0.0436377	-5.24971e-019	215.747
27300.81	Storage.BAT1	100	0.0436377	-5.24971e-019	215.747
27360.81	Storage.BAT1	100	0.0436377	-5.24971e-019	215.747
27420.81	Storage.BAT1	100	0.0436377	-5.24971e-019	215.747
27480.81	Storage.BAT1	100	0.0436377	-5.24971e-019	215.747
27540.81	Storage.BAT1	100	0.0436377	-5.24971e-019	215.747
27600.81	Storage.BAT1	100	0.0436377	-5.24971e-019	215.747
27660.81	Storage.BAT1	100	0.0436377	-5.24971e-019	215.747
27720.81	Storage.BAT1	100	0.0436377	-5.24971e-019	215.747
27780.81	Storage.BAT1	100	0.0436377	-5.24971e-019	215.747
27840.81	Storage.BAT1	100	0.0436377	-5.24971e-019	215.747
27900.81	Storage.BAT1	100	0.0436814	1.20986e-018	215.855
27960.81	Storage.BAT1	100	0.0436814	1.20986e-018	215.855
28020.81	Storage.BAT1	100	0.0436814	1.20986e-018	215.855
28080.81	Storage.BAT1	100	0.0436814	1.20986e-018	215.855
28140.81	Storage.BAT1	100	0.0436814	1.20986e-018	215.855
28200.81	Storage.BAT1	100	0.0436814	1.20986e-018	215.855
28260.81	Storage.BAT1	100	0.0436814	1.20986e-018	215.855
28320.81	Storage.BAT1	100	0.0436814	1.20986e-018	215.855
28380.81	Storage.BAT1	100	0.0436814	1.20986e-018	215.855
28440.81	Storage.BAT1	100	0.0436814	1.20986e-018	215.855
28500.81	Storage.BAT1	100	0.0436814	1.20986e-018	215.855
28560.81	Storage.BAT1	100	0.0436814	1.20986e-018	215.855
28620.81	Storage.BAT1	100	0.0436814	1.20986e-018	215.855
28680.81	Storage.BAT1	100	0.0436814	1.20986e-018	215.855
28740.81	Storage.BAT1	100	0.0436814	1.20986e-018	215.855
28800.81	Storage.BAT1	100	0.043668	5.5911e-019	215.822
28860.81	Storage.BAT1	100	0.043668	5.5911e-019	215.822
28920.81	Storage.BAT1	100	0.043668	5.5911e-019	215.822
28980.81	Storage.BAT1	100	0.043668	5.5911e-019	215.822
29040.81	Storage.BAT1	100	0.043668	5.5911e-019	215.822
29100.81	Storage.BAT1	100	0.043668	5.5911e-019	215.822
29160.81	Storage.BAT1	100	0.043668	5.5911e-019	215.822
29220.81	Storage.BAT1	100	0.043668	5.5911e-019	215.822
29280.81	Storage.BAT1	100	0.043668	5.5911e-019	215.822
29340.81	Storage.BAT1	100	0.043668	5.5911e-019	215.822
29400.81	Storage.BAT1	100	0.043668	5.5911e-019	215.822
29460.81	Storage.BAT1	100	0.043668	5.5911e-019	215.822
29520.81	Storage.BAT1	100	0.043668	5.5911e-019	215.822
29580.81	Storage.BAT1	100	0.043668	5.5911e-019	215.822
29640.81	Storage.BAT1	100	0.043668	5.5911e-019	215.822
29700.81	Storage.BAT1	100	0.0430898	6.28837e-021	214.388
29760.81	Storage.BAT1	100	0.0430898	6.28837e-021	214.388
29820.81	Storage.BAT1	100	0.0430898	6.28837e-021	214.388
29880.81	Storage.BAT1	100	0.0430898	6.28837e-021	214.388
29940.81	Storage.BAT1	100	0.0430898	6.28837e-021	214.388
30000.81	Storage.BAT1	100	0.0430898	6.28837e-021	214.388
30060.81	Storage.BAT1	100	0.0430898	6.28837e-021	214.388
30120.81	Storage.BAT1	100	0.0430898	6.28837e-021	214.388
30180.81	Storage.BAT1	100	0.0430898	6.28837e-021	214.388
30240.81	Storage.BAT1	100	0.0430898	6.28837e-021	214.388
30300.81	Storage.BAT1	100	0.0430898	6.28837e-021	214.388
30360.81	Storage.BAT1	100	0.0430898	6.28837e-021	214.388
30420.81	Storage.BAT1	100	0.0430898	6.28837e-021	214.388
30480.81	Storage.BAT1	100	0.0430898	6.28837e-021	214.388
30540.81	Storage.BAT1	100	0.0430898	6.28837e-021	214.388
30600.81	Storage.BAT1	100	0.0436317	-7.15533e-019	215.733
30660.81	Storage.BAT1	100	0.0436317	-7.15533e-019	215.733
30720.81	Storage.BAT1	100	0.0436317	-7.15533e-019	215.733
30780.81	Storage.BAT1	100	0.0436317	-7.15533e-019	215.733
30840.81	Storage.BAT1	100	0.0436317	-7.15533e-019	215.733
30900.81	Storage.BAT1	100	0.0436317	-7.15533e-019	215.733
30960.81	Storage.BAT1	100	0.0436317	-7.15533e-019	215.733
31020.81	Storage.BAT1	100	0.0436317	-7.15533e-019	215.733
31080.81	Storage.BAT1	100	0.0436317	-7.15533e-019	215.733
31140.81	Storage.BAT1	100	0.0436317	-7.15533e-019	215.733
31200.81	Storage.BAT1	100	0.0436317	-7.15533e-019	215.733
31260.81	Storage.BAT1	100	0.0436317	-7.15533e-019	215.733
31320.81	Storage.BAT1	100	0.0436317	-7.15533e-019	215.733
31380.81	Storage.BAT1	100	0.0436317	-7.15533e-019	215.733
31440.81	Storage.BAT1	100	0.0436317	-7.15533e-019	215.733
31500.81	Storage.BAT1	100	0.043711	4.01467e-019	215.928
31560.81	Storage.BAT1	100	0.043711	4.01467e-019	215.928
31620.81	Storage.BAT1	100	0.043711	4.01467e-019	215.928
31680.81	Storage.BAT1	100	0.043711	4.01467e-019	215.928
31740.81	Storage.BAT1	100	0.043711	4.01467e-019	215.928
31800.81	Storage.BAT1	100	0.043711	4.01467e-019	215.928
31860.81	Storage.BAT1	100	0.043711	4.01467e-019	215.928
31920.81	Storage.BAT1	100	0.043711	4.01467e-019	215.928
31980.81	Storage.BAT1	100	0.043711	4.01467e-019	215.928
32040.81	Storage.BAT1	100	0.043711	4.01467e-019	215.928
32100.81	Storage.BAT1	100	0.043711	4.01467e-019	215.928
32160.81	Storage.BAT1	100	0.043711	4.01467e-019	215.928
32220.81	Storage.BAT1	100	0.043711	4.01467e-019	215.928
32280.81	Storage.BAT1	100	0.043711	4.01467e-019	215.928
32340.81	Storage.BAT1	100	0.043711	4.01467e-019	215.928
32400.81	Storage.BAT1	100	0.0439626	5.87394e-019	216.549
32460.81	Storage.BAT1	100	0.0439626	5.87394e-019	216.549
32520.81	Storage.BAT1	100	0.0439626	5.87394e-019	216.549
32580.81	Storage.BAT1	100	0.0439626	5.87394e-019	216.549
32640.81	Storage.BAT1	100	0.0439626	5.87394e-019	216.549
32700.81	Storage.BAT1	100	0.0439626	5.87394e-019	216.549
32760.81	Storage.BAT1	100	0.0439626	5.87394e-019	216.549
32820.81	Storage.BAT1	100	0.0439626	5.87394e-019	216.549
32880.81	Storage.BAT1	100	0.0439626	5.87394e-019	216.549
32940.81	Storage.BAT1	100	0.0439626	5.87394e-019	216.549
33000.81	Storage.BAT1	100	0.0439626	5.87394e-019	216.549
33060.81	Storage.BAT1	100	0.0439626	5.87394e-019	216.549
33120.81	Storage.BAT1	100	0.0439626	5.87394e-019	216.549
33180.81	Storage.BAT1	100	0.0439626	5.87394e-019	216.549
33240.81	Storage.BAT1	100	0.0439626	5.87394e-019	216.549
33300.81	Storage.BAT1	100	0.0444845	-1.06353e-018	217.831
33360.81	Storage.BAT1	100	0.0444845	-1.06353e-018	217.831
33420.81	Storage.BAT1	100	0.0444845	-1.06353e-018	217.831
33480.81	Storage.BAT1	100	0.0444845	-1.06353e-018	217.831
33540.81	Storage.BAT1	100	0.0444845	-1.06353e-018	217.831
33600.81	Storage.BAT1	100	0.0444845	-1.06353e-018	217.831
33660.81	Storage.BAT1	100	0.0444845	-1.06353e-018	217.831
33720.81	Storage.BAT1	100	0.0444845	-1.06353e-018	217.831
33780.81	Storage.BAT1	100	0.0444845	-1.06353e-018	217.831
33840.81	Storage.BAT1	100	0.0444845	-1.06353e-018	217.831
33900.81	Storage.BAT1	100	0.0444845	-1.06353e-018	217.831
33960.81	Storage.BAT1	100	0.0444845	-1.06353e-018	217.831
34020.81	Storage.BAT1	100	0.0444845	-1.06353e-018	217.831
34080.81	Storage.BAT1	100	0.0444845	-1.06353e-018	217.831
34140.81	Storage.BAT1	100	0.0444845	-1.06353e-018	217.831
34200.81	Storage.BAT1	100	0.04457	-4.97188e-019	218.04
34260.81	Storage.BAT1	100	0.04457	-4.97188e-019	218.04
34320.81	Storage.BAT1	100	0.04457	-4.97188e-019	218.04
34380.81	Storage.BAT1	100	0.04457	-4.97188e-019	218.04
34440.81	Storage.BAT1	100	0.04457	-4.97188e-019	218.04
34500.81	Storage.BAT1	100	0.04457	-4.97188e-019	218.04
34560.81	Storage.BAT1	100	0.04457	-4.97188e-019	218.04
34620.81	Storage.BAT1	100	0.04457	-4.97188e-019	218.04
34680.81	Storage.BAT1	100	0.04457	-4.97188e-019	218.04
34740.81	Storage.BAT1	100	0.04457	-4.97188e-019	218.04
34800.81	Storage.BAT1	100	0.04457	-4.97188e-019	218.04
34860.81	Storage.BAT1	100	0.04457	-4.97188e-019	218.04
34920.81	Storage.BAT1	100	0.04457	-4.97188e-019	218.04
34980.81	Storage.BAT1	100	0.04457	-4.97188e-019	218.04
35040.81	Storage.BAT1	100	0.04457	-4.97188e-019	218.04
35100.81	Storage.BAT1	100	0.044648	1.12784e-019	218.23
35160.81	Storage.BAT1	100	0.044648	1.12784e-019	218.23
35220.81	Storage.BAT1	100	0.044648	1.12784e-019	218.23
35280.81	Storage.BAT1	100	0.044648	1.12784e-019	218.23
35340.81	Storage.BAT1	100	0.044648	1.12784e-019	218.23
35400.81	Storage.BAT1	100	0.044648	1.12784e-019	218.23
35460.81	Storage.BAT1	100	0.044648	1.12784e-019	218.23
35520.81	Storage.BAT1	100	0.044648	1.12784e-019	218.23
35580.81	Storage.BAT1	100	0.044648	1.12784e-019	218.23
35640.81	Storage.BAT1	100	0.044648	1.12784e-019	218.23
35700.81	Storage.BAT1	100	0.044648	1.12784e-019	218.23
35760.81	Storage.BAT1	100	0.044648	1.12784e-019	218.23
35820.81	Storage.BAT1	100	0.044648	1.12784e-019	218.23
35880.81	Storage.BAT1	100	0.044648	1.12784e-019	218.23
35940.81	Storage.BAT1	100	0.044648	1.12784e-019	218.23
36000.81	Storage.BAT1	100	0.0449819	-8.97279e-020	219.045
36060.81	Storage.BAT1	100	0.0449819	-8.97279e-020	219.045
36120.81	Storage.BAT1	100	0.0449819	-8.97279e-020	219.045
36180.81	Storage.BAT1	100	0.0449819	-8.97279e-020	219.045
36240.81	Storage.BAT1	100	0.0449819	-8.97279e-020	219.045
36300.81	Storage.BAT1	100	0.0449819	-8.97279e-020	219.045
36360.81	Storage.BAT1	100	0.0449819	-8.97279e-020	219.045
36420.81	Storage.BAT1	100	0.0449819	-8.97279e-020	219.045
36480.81	Storage.BAT1	100	0.0449819	-8.97279e-020	219.045
36540.81	Storage.BAT1	100	0.0449819	-8.97279e-020	219.045
36600.81	Storage.BAT1	100	0.0449819	-8.97279e-020	219.045
36660.81	Storage.BAT1	100	0.0449819	-8.97279e-020	219.045
36720.81	Storage.BAT1	100	0.0449819	-8.97279e-020	219.045
36780.81	Storage.BAT1	100	0.0449819	-8.97279e-020	219.045
36840.81	Storage.BAT1	100	0.0449819	-8.97279e-020	219.045
36900.81	Storage.BAT1	100	0.045265	-8.39945e-018	219.733
36960.81	Storage.BAT1	100	0.045265	-8.39945e-018	219.733
37020.81	Storage.BAT1	100	0.045265	-8.39945e-018	219.733
37080.81	Storage.BAT1	100	0.045265	-8.39945e-018	219.733
37140.81	Storage.BAT1	100	0.045265	-8.39945e-018	219.733
37200.81	Storage.BAT1	100	0.045265	-8.39945e-018	219.733
37260.81	Storage.BAT1	100	0.045265	-8.39945e-018	219.733
37320.81	Storage.BAT1	100	0.045265	-8.39945e-018	219.733
37380.81	Storage.BAT1	100	0.045265	-8.39945e-018	219.733
37440.81	Storage.BAT1	100	0.045265	-8.39945e-018	219.733
37500.81	Storage.BAT1	100	0.045265	-8.39945e-018	219.733
37560.81	Storage.BAT1	100	0.045265	-8.39945e-018	219.733
37620.81	Storage.BAT1	100	0.045265	-8.39945e-018	219.733
37680.81	Storage.BAT1	100	0.045265	-8.39945e-018	219.733
37740.81	Storage.BAT1	100	0.045265	-8.39945e-018	219.733
37800.81	Storage.BAT1	100	0.045282	6.60042e-019	219.774
37860.81	Storage.BAT1	100	0.045282	6.60042e-019	219.774
37920.81	Storage.BAT1	100	0.045282	6.60042e-019	219.774
37980.81	Storage.BAT1	100	0.045282	6.60042e-019	219.774
38040.81	Storage.BAT1	100	0.045282	6.60042e-019	219.774
38100.81	Storage.BAT1	100	0.045282	6.60042e-019	219.774
38160.81	Storage.BAT1	100	0.045282	6.60042e-019	219.774
38220.81	Storage.BAT1	100	0.045282	6.60042e-019	219.774
38280.81	Storage.BAT1	100	0.045282	6.60042e-019	219.774
38340.81	Storage.BAT1	100	0.045282	6.60042e-019	219.774
38400.81	Storage.BAT1	100	0.045282	6.60042e-019	219.774
38460.81	Storage.BAT1	100	0.045282	6.60042e-019	219.774
38520.81	Storage.BAT1	100	0.045282	6.60042e-019	219.774
38580.81	Storage.BAT1	100	0.045282	6.60042e-019	219.774
38640.81	Storage.BAT1	100	0.045282	6.60042e-019	219.774
38700.81	Storage.BAT1	100	0.0454082	-6.31407e-019	220.08
38760.81	Storage.BAT1	100	0.0454082	2.07529e-018	220.08
38820.81	Storage.BAT1	100	0.0454082	2.74345e-018	220.08
38880.81	Storage.BAT1	100	0.0454082	-6.31407e-019	220.08
38940.81	Storage.BAT1	100	0.0454082	2.07529e-018	220.08
39000.81	Storage.BAT1	100	0.0454082	2.74345e-018	220.08
39060.81	Storage.BAT1	100	0.0454082	-6.31407e-019	220.08
39120.81	Storage.BAT1	100	0.0454082	2.07529e-018	220.08
39180.81	Storage.BAT1	100	0.0454082	2.74345e-018	220.08
39240.81	Storage.BAT1	100	0.0454082	-6.31407e-019	220.08
39300.81	Storage.BAT1	100	0.0454082	2.07529e-018	220.08
39360.81	Storage.BAT1	100	0.0454082	2.74345e-018	220.08
39420.81	Storage.BAT1	100	0.0454082	-6.31407e-019	220.08
39480.81	Storage.BAT1	100	0.0454082	2.07529e-018	220.08
39540.81	Storage.BAT1	100	0.0454082	2.74345e-018	220.08
39600.81	Storage.BAT1	100	0.0455488	5.3374e-019	220.421
39660.81	Storage.BAT1	100	0.0455488	5.3374e-019	220.421
39720.81	Storage.BAT1	100	0.0455488	5.3374e-019	220.421
39780.81	Storage.BAT1	100	0.0455488	5.3374e-019	220.421
39840.81	Storage.BAT1	100	0.0455488	5.3374e-019	220.421
39900.81	Storage.BAT1	100	0.0455488	5.3374e-019	220.421
39960.81	Storage.BAT1	100	0.0455488	5.3374e-019	220.421
40020.81	Storage.BAT1	100	0.0455488	5.3374e-019	220.421
40080.81	Storage.BAT1	100	0.0455488	5.3374e-019	220.421
40140.81	Storage.BAT1	100	0.0455488	5.3374e-019	220.421
40200.81	Storage.BAT1	100	0.0455488	5.3374e-019	220.421
40260.81	Storage.BAT1	100	0.0455488	5.3374e-019	220.421
40320.81	Storage.BAT1	100	0.0455488	5.3374e-019	220.421
40380.81	Storage.BAT1	100	0.0455488	5.3374e-019	220.421
40440.81	Storage.BAT1	100	0.0455488	5.3374e-019	220.421
40500.81	Storage.BAT1	100	0.0458607	-1.4297e-018	221.174
40560.81	Storage.BAT1	100	0.0458607	-1.4297e-018	221.174
40620.81	Storage.BAT1	100	0.0458607	-1.4297e-018	221.174
40680.81	Storage.BAT1	100	0.0458607	-1.4297e-018	221.174
40740.81	Storage.BAT1	100	0.0458607	-1.4297e-018	221.174
40800.81	Storage.BAT1	100	0.0458607	-1.4297e-018	221.174
40860.81	Storage.BAT1	100	0.0452697	-7.31621e-019	219.745
40920.81	Storage.BAT1	100	0.0452697	-7.31621e-019	219.745
40980.81	Storage.BAT1	100	0.0452697	-7.31621e-019	219.745
41040.81	Storage.BAT1	100	0.0452697	-7.31621e-019	219.745
41100.81	Storage.BAT1	100	0.0452697	-7.31621e-019	219.745
41160.81	Storage.BAT1	100	0.0452697	-7.31621e-019	219.745
41220.81	Storage.BAT1	100	0.0452697	-7.31621e-019	219.745
41280.81	Storage.BAT1	100	0.0452697	-7.31621e-019	219.745
41340.81	Storage.BAT1	100	0.0452697	-7.31621e-019	219.745
41400.81	Storage.BAT1	100	0.0453004	3.93906e-019	219.819
41460.81	Storage.BAT1	100	0.0453004	3.93906e-019	219.819
41520.81	Storage.BAT1	100	0.0453004	3.93906e-019	219.819
41580.81	Storage.BAT1	100	0.0453004	3.93906e-019	219.819
41640.81	Storage.BAT1	100	0.0453004	3.93906e-019	219.819
41700.81	Storage.BAT1	100	0.0453004	3.93906e-019	219.819
41760.81	Storage.BAT1	100	0.0453004	3.93906e-019	219.819
41820.81	Storage.BAT1	100	0.0453004	3.93906e-019	219.819
41880.81	Storage.BAT1	100	0.0453004	3.93906e-019	219.819
41940.81	Storage.BAT1	100	0.0453004	3.93906e-019	219.819
42000.81	Storage.BAT1	100	0.0453004	3.93906e-019	219.819
42060.81	Storage.BAT1	100	0.0453004	3.93906e-019	219.819
42120.81	Storage.BAT1	100	0.0453004	3.93906e-019	219.819
42180.81	Storage.BAT1	100	0.0453004	3.93906e-019	219.819
42240.81	Storage.BAT1	100	0.0453004	3.93906e-019	219.819
42300.81	Storage.BAT1	100	0.0453826	-2.72747e-019	220.018
42360.81	Storage.BAT1	100	0.0453826	-2.72747e-019	220.018
42420.81	Storage.BAT1	100	0.0453826	-2.72747e-019	220.018
42480.81	Storage.BAT1	100	0.0453826	-2.72747e-019	220.018
42540.81	Storage.BAT1	100	0.0453826	-2.72747e-019	220.018
42600.81	Storage.BAT1	100	0.0453826	-2.72747e-019	220.018
42660.81	Storage.BAT1	100	0.0453826	-2.72747e-019	220.018
42720.81	Storage.BAT1	100	0.0453826	-2.72747e-019	220.018
42780.81	Storage.BAT1	100	0.0453826	-2.72747e-019	220.018
42840.81	Storage.BAT1	100	0.0453826	-2.72747e-019	220.018
42900.81	Storage.BAT1	100	0.0453826	-2.72747e-019	220.018
42960.81	Storage.BAT1	100	0.0453826	-2.72747e-019	220.018
43020.81	Storage.BAT1	100	0.0453826	-2.72747e-019	220.018
43080.81	Storage.BAT1	100	0.0453826	-2.72747e-019	220.018
43140.81	Storage.BAT1	100	0.0453826	-2.72747e-019	220.018
43200.81	Storage.BAT1	100	0.0453293	1.01798e-018	219.889
43260.81	Storage.BAT1	100	0.0453293	1.01798e-018	219.889
43320.81	Storage.BAT1	100	0.0453293	1.01798e-018	219.889
43380.81	Storage.BAT1	100	0.0453293	1.01798e-018	219.889
43440.81	Storage.BAT1	100	0.0453293	1.01798e-018	219.889
43500.81	Storage.BAT1	100	0.0453293	1.01798e-018	219.889
43560.81	Storage.BAT1	100	0.0453293	1.01798e-018	219.889
43620.81	Storage.BAT1	100	0.0453293	1.01798e-018	219.889
43680.81	Storage.BAT1	100	0.0453293	1.01798e-018	219.889
43740.81	Storage.BAT1	100	0.0453293	1.01798e-018	219.889
43800.81	Storage.BAT1	100	0.0453293	1.01798e-018	219.889
43860.81	Storage.BAT1	100	0.0453293	1.01798e-018	219.889
43920.81	Storage.BAT1	100	0.0453293	1.01798e-018	219.889
43980.81	Storage.BAT1	100	0.0453293	1.01798e-018	219.889
44040.81	Storage.BAT1	100	0.0453293	1.01798e-018	219.889
44100.81	Storage.BAT1	100	0.0452322	7.23292e-019	219.654
44160.81	Storage.BAT1	100	0.0452322	7.23292e-019	219.654
44220.81	Storage.BAT1	100	0.0452322	7.23292e-019	219.654
44280.81	Storage.BAT1	100	0.0452322	7.23292e-019	219.654
44340.81	Storage.BAT1	100	0.0452322	7.23292e-019	219.654
44400.81	Storage.BAT1	100	0.0452322	7.23292e-019	219.654
44460.81	Storage.BAT1	100	0.0452322	7.23292e-019	219.654
44520.81	Storage.BAT1	100	0.0452322	7.23292e-019	219.654
44580.81	Storage.BAT1	100	0.0452322	7.23292e-019	219.654
44640.81	Storage.BAT1	100	0.0452322	7.23292e-019	219.654
44700.81	Storage.BAT1	100	0.0452322	7.23292e-019	219.654
44760.81	Storage.BAT1	100	0.0452322	7.23292e-019	219.654
44820.81	Storage.BAT1	100	0.0452322	7.23292e-019	219.654
44880.81	Storage.BAT1	100	0.0452322	7.23292e-019	219.654
44940.81	Storage.BAT1	100	0.0452322	7.23292e-019	219.654
45000.81	Storage.BAT1	100	0.0447245	5.50226e-019	218.417
45060.81	Storage.BAT1	100	0.0447245	5.50226e-019	218.417
45120.81	Storage.BAT1	100	0.0447245	5.50226e-019	218.417
45180.81	Storage.BAT1	100	0.0447245	5.50226e-019	218.417
45240.81	Storage.BAT1	100	0.0447245	5.50226e-019	218.417
45300.81	Storage.BAT1	100	0.0447245	5.50226e-019	218.417
45360.81	Storage.BAT1	100	0.0447245	5.50226e-019	218.417
45420.81	Storage.BAT1	100	0.0447245	5.50226e-019	218.417
45480.81	Storage.BAT1	100	0.0447245	5.50226e-019	218.417
45540.81	Storage.BAT1	100	0.0447245	5.50226e-019	218.417
45600.81	Storage.BAT1	100	0.0447245	5.50226e-019	218.417
45660.81	Storage.BAT1	100	0.0447245	5.50226e-019	218.417
45720.81	Storage.BAT1	100	0.0447245	5.50226e-019	218.417
45780.81	Storage.BAT1	100	0.0447245	5.50226e-019	218.417
45840.81	Storage.BAT1	100	0.0447245	5.50226e-019	218.417
45900.81	Storage.BAT1	100	0.0446868	5.03513e-018	218.325
45960.81	Storage.BAT1	100	0.0446868	5.03513e-018	218.325
46020.81	Storage.BAT1	100	0.0446868	5.03513e-018	218.325
46080.81	Storage.BAT1	100	0.0446868	5.03513e-018	218.325
46140.81	Storage.BAT1	100	0.0446868	5.03513e-018	218.325
46200.81	Storage.BAT1	100	0.0446868	5.03513e-018	218.325
46260.81	Storage.BAT1	100	0.0446868	5.03513e-018	218.325
46320.81	Storage.BAT1	100	0.0446868	5.03513e-018	218.325
46380.81	Storage.BAT1	100	0.0446868	5.03513e-018	218.325
46440.81	Storage.BAT1	100	0.0446868	5.03513e-018	218.325
46500.81	Storage.BAT1	100	0.0446868	5.03513e-018	218.325
46560.81	Storage.BAT1	100	0.0446868	5.03513e-018	218.325
46620.81	Storage.BAT1	100	0.0446868	5.03513e-018	218.325
46680.81	Storage.BAT1	100	0.0446868	5.03513e-018	218.325
46740.81	Storage.BAT1	100	0.0446868	5.03513e-018	218.325
46800.81	Storage.BAT1	100	0.0449023	1.21552e-018	218.851
46860.81	Storage.BAT1	100	0.0449023	1.21552e-018	218.851
46920.81	Storage.BAT1	100	0.0449023	1.21552e-018	218.851
46980.81	Storage.BAT1	100	0.0449023	1.21552e-018	218.851
47040.81	Storage.BAT1	100	0.0449023	1.21552e-018	218.851
47100.81	Storage.BAT1	100	0.0449023	1.21552e-018	218.851
47160.81	Storage.BAT1	100	0.0449023	1.21552e-018	218.851
47220.81	Storage.BAT1	100	0.0449023	1.21552e-018	218.851
47280.81	Storage.BAT1	100	0.0449023	1.21552e-018	218.851
47340.81	Storage.BAT1	100	0.0449023	1.21552e-018	218.851
47400.81	Storage.BAT1	100	0.0449023	1.21552e-018	218.851
47460.81	Storage.BAT1	100	0.0449023	1.21552e-018	218.851
47520.81	Storage.BAT1	100	0.0449023	1.21552e-018	218.851
47580.81	Storage.BAT1	100	0.0449023	1.21552e-018	218.851
47640.81	Storage.BAT1	100	0.0449023	1.21552e-018	218.851
47700.81	Storage.BAT1	100	0.0448452	-2.90019e-018	218.712
47760.81	Storage.BAT1	100	0.0448452	-2.90019e-018	218.712
47820.81	Storage.BAT1	100	0.0448452	-2.90019e-018	218.712
47880.81	Storage.BAT1	100	0.0448452	-2.90019e-018	218.712
47940.81	Storage.BAT1	100	0.0448452	-2.90019e-018	218.712
48000.81	Storage.BAT1	100	0.0448452	-2.90019e-018	218.712
48060.81	Storage.BAT1	100	0.0448452	-2.90019e-018	218.712
48120.81	Storage.BAT1	100	0.0448452	-2.90019e-018	218.712
48180.81	Storage.BAT1	100	0.0448452	-2.90019e-018	218.712
48240.81	Storage.BAT1	100	0.0448452	-2.90019e-018	218.712
48300.81	Storage.BAT1	100	0.0448452	-2.90019e-018	218.712
48360.81	Storage.BAT1	100	0.0448452	-2.90019e-018	218.712
48420.81	Storage.BAT1	100	0.0448452	-2.90019e-018	218.712
48480.81	Storage.BAT1	100	0.0448452	-2.90019e-018	218.712
48540.81	Storage.BAT1	100	0.0448452	-2.90019e-018	218.712
48600.81	Storage.BAT1	100	0.0447781	9.25278e-019	218.548
48660.81	Storage.BAT1	100	0.0447781	9.25278e-019	218.548
48720.81	Storage.BAT1	100	0.0447781	9.25278e-019	218.548
48780.81	Storage.BAT1	100	0.0447781	9.25278e-019	218.548
48840.81	Storage.BAT1	100	0.0447781	9.25278e-019	218.548
48900.81	Storage.BAT1	100	0.0447781	9.25278e-019	218.548
48960.81	Storage.BAT1	100	0.0447781	9.25278e-019	218.548
49020.81	Storage.BAT1	100	0.0447781	9.25278e-019	218.548
49080.81	Storage.BAT1	100	0.0447781	9.25278e-019	218.548
49140.81	Storage.BAT1	100	0.0447781	9.25278e-019	218.548
49200.81	Storage.BAT1	100	0.0447781	9.25278e-019	218.548
49260.81	Storage.BAT1	100	0.0447781	9.25278e-019	218.548
49320.81	Storage.BAT1	100	0.0447781	9.25278e-019	218.548
49380.81	Storage.BAT1	100	0.0447781	9.25278e-019	218.548
49440.81	Storage.BAT1	100	0.0447781	9.25278e-019	218.548
49500.81	Storage.BAT1	100	0.0447859	-4.73661e-020	218.567
49560.81	Storage.BAT1	100	0.0447859	-4.73661e-020	218.567
49620.81	Storage.BAT1	100	0.0447859	-4.73661e-020	218.567
49680.81	Storage.BAT1	100	0.0447859	-4.73661e-020	218.567
49740.81	Storage.BAT1	100	0.0447859	-4.73661e-020	218.567
49800.81	Storage.BAT1	100	0.0447859	-4.73661e-020	218.567
49860.81	Storage.BAT1	100	0.0447859	-4.73661e-020	218.567
49920.81	Storage.BAT1	100	0.0447859	-4.73661e-020	218.567
49980.81	Storage.BAT1	100	0.0447859	-4.73661e-020	218.567
50040.81	Storage.BAT1	100	0.0447859	-4.73661e-020	218.567
50100.81	Storage.BAT1	100	0.0447859	-4.73661e-020	218.567
50160.81	Storage.BAT1	100	0.0447859	-4.73661e-020	218.567
50220.81	Storage.BAT1	100	0.0447859	-4.73661e-020	218.567
50280.81	Storage.BAT1	100	0.0447859	-4.73661e-020	218.567
50340.81	Storage.BAT1	100	0.0447859	-4.73661e-020	218.567
50400.81	Storage.BAT1	100	0.045313	-4.06853e-018	219.85
50460.81	Storage.BAT1	100	0.045313	-4.06853e-018	219.85
50520.81	Storage.BAT1	100	0.045313	-4.06853e-018	219.85
50580.81	Storage.BAT1	100	0.045313	-4.06853e-018	219.85
50640.81	Storage.BAT1	100	0.045313	-4.06853e-018	219.85
50700.81	Storage.BAT1	100	0.045313	-4.06853e-018	219.85
50760.81	Storage.BAT1	100	0.045313	-4.06853e-018	219.85
50820.81	Storage.BAT1	100	0.045313	-4.06853e-018	219.85
50880.81	Storage.BAT1	100	0.045313	-4.06853e-018	219.85
50940.81	Storage.BAT1	100	0.045313	-4.06853e-018	219.85
51000.81	Storage.BAT1	100	0.045313	-4.06853e-018	219.85
51060.81	Storage.BAT1	100	0.045313	-4.06853e-018	219.85
51120.81	Storage.BAT1	100	0.045313	-4.06853e-018	219.85
51180.81	Storage.BAT1	100	0.045313	-4.06853e-018	219.85
51240.81	Storage.BAT1	100	0.045313	-4.06853e-018	219.85
51300.81	Storage.BAT1	100	0.0451662	6.48618e-019	219.493
51360.81	Storage.BAT1	100	0.0451662	6.48618e-019	219.493
51420.81	Storage.BAT1	100	0.0451662	6.48618e-019	219.493
51480.81	Storage.BAT1	100	0.0451662	6.48618e-019	219.493
51540.81	Storage.BAT1	100	0.0451662	6.48618e-019	219.493
51600.81	Storage.BAT1	100	0.0451662	6.48618e-019	219.493
51660.81	Storage.BAT1	100	0.0451662	6.48618e-019	219.493
51720.81	Storage.BAT1	100	0.0451662	6.48618e-019	219.493
51780.81	Storage.BAT1	100	0.0451662	6.48618e-019	219.493
51840.81	Storage.BAT1	100	0.0451662	6.48618e-019	219.493
51900.81	Storage.BAT1	100	0.0451662	6.48618e-019	219.493
51960.81	Storage.BAT1	100	0.0451662	6.48618e-019	219.493
52020.81	Storage.BAT1	100	0.0451662	6.48618e-019	219.493
52080.81	Storage.BAT1	100	0.0451662	6.48618e-019	219.493
52140.81	Storage.BAT1	100	0.0451662	6.48618e-019	219.493
52200.81	Storage.BAT1	100	0.0450305	2.33052e-019	219.163
52260.81	Storage.BAT1	100	0.0450305	2.33052e-019	219.163
52320.81	Storage.BAT1	100	0.0450305	2.33052e-019	219.163
52380.81	Storage.BAT1	100	0.0450305	2.33052e-019	219.163
52440.81	Storage.BAT1	100	0.0450305	2.33052e-019	219.163
52500.81	Storage.BAT1	100	0.0450305	2.33052e-019	219.163
52560.81	Storage.BAT1	100	0.0450305	2.33052e-019	219.163
52620.81	Storage.BAT1	100	0.0450305	2.33052e-019	219.163
52680.81	Storage.BAT1	100	0.0450305	2.33052e-019	219.163
52740.81	Storage.BAT1	100	0.0450305	2.33052e-019	219.163
52800.81	Storage.BAT1	100	0.0450305	2.33052e-019	219.163
52860.81	Storage.BAT1	100	0.0450305	2.33052e-019	219.163
52920.81	Storage.BAT1	100	0.0450305	2.33052e-019	219.163
52980.81	Storage.BAT1	100	0.0450305	2.33052e-019	219.163
53040.81	Storage.BAT1	100	0.0450305	2.33052e-019	219.163
53100.81	Storage.BAT1	100	0.0448771	7.78848e-019	218.79
53160.81	Storage.BAT1	100	0.0448771	7.78848e-019	218.79
53220.81	Storage.BAT1	100	0.0448771	7.78848e-019	218.79
53280.81	Storage.BAT1	100	0.0448771	7.78848e-019	218.79
53340.81	Storage.BAT1	100	0.0448771	7.78848e-019	218.79
53400.81	Storage.BAT1	100	0.0448771	7.78848e-019	218.79
53460.81	Storage.BAT1	100	0.0448771	7.78848e-019	218.79
53520.81	Storage.BAT1	100	0.0448771	7.78848e-019	218.79
53580.81	Storage.BAT1	100	0.0448771	7.78848e-019	218.79
53640.81	Storage.BAT1	100	0.0448771	7.78848e-019	218.79
53700.81	Storage.BAT1	100	0.0448771	7.78848e-019	218.79
53760.81	Storage.BAT1	100	0.0448771	7.78848e-019	218.79
53820.81	Storage.BAT1	100	0.0448771	7.78848e-019	218.79
53880.81	Storage.BAT1	100	0.0448771	7.78848e-019	218.79
53940.81	Storage.BAT1	100	0.0448771	7.78848e-019	218.79
54000.81	Storage.BAT1	100	0.0448957	1.23741e-018	218.835
54060.81	Storage.BAT1	100	0.0448957	1.23741e-018	218.835
54120.81	Storage.BAT1	100	0.0448957	1.23741e-018	218.835
54180.81	Storage.BAT1	100	0.0448957	1.23741e-018	218.835
54240.81	Storage.BAT1	100	0.0448957	1.23741e-018	218.835
54300.81	Storage.BAT1	100	0.0448957	1.23741e-018	218.835
54360.81	Storage.BAT1	100	0.0448957	1.23741e-018	218.835
54420.81	Storage.BAT1	100	0.0448957	1.23741e-018	218.835
54480.81	Storage.BAT1	100	0.0448957	1.23741e-018	218.835
54540.81	Storage.BAT1	100	0.0448957	1.23741e-018	218.835
54600.81	Storage.BAT1	100	0.0448957	1.23741e-018	218.835
54660.81	Storage.BAT1	100	0.0448957	1.23741e-018	218.835
54720.81	Storage.BAT1	100	0.0448957	1.23741e-018	218.835
54780.81	Storage.BAT1	100	0.0448957	1.23741e-018	218.835
54840.81	Storage.BAT1	100	0.0448957	1.23741e-018	218.835
54900.81	Storage.BAT1	100	0.0448325	-1.05118e-018	218.681
54960.81	Storage.BAT1	100	0.0448325	-1.05118e-018	218.681
55020.81	Storage.BAT1	100	0.0448325	-1.05118e-018	218.681
55080.81	Storage.BAT1	100	0.0448325	-1.05118e-018	218.681
55140.81	Storage.BAT1	100	0.0448325	-1.05118e-018	218.681
55200.81	Storage.BAT1	100	0.0448325	-1.05118e-018	218.681
55260.81	Storage.BAT1	100	0.0448325	-1.05118e-018	218.681
55320.81	Storage.BAT1	100	0.0448325	-1.05118e-018	218.681
55380.81	Storage.BAT1	100	0.0448325	-1.05118e-018	218.681
55440.81	Storage.BAT1	100	0.0448325	-1.05118e-018	218.681
55500.81	Storage.BAT1	100	0.0448325	-1.05118e-018	218.681
55560.81	Storage.BAT1	100	0.0448325	-1.05118e-018	218.681
55620.81	Storage.BAT1	100	0.0448325	-1.05118e-018	218.681
55680.81	Storage.BAT1	100	0.0448325	-1.05118e-018	218.681
55740.81	Storage.BAT1	100	0.0448325	-1.05118e-018	218.681
55800.81	Storage.BAT1	100	0.0446252	7.2379e-019	218.175
55860.81	Storage.BAT1	100	0.0446252	7.2379e-019	218.175
55920.81	Storage.BAT1	100	0.0446252	7.2379e-019	218.175
55980.81	Storage.BAT1	100	0.0446252	7.2379e-019	218.175
56040.81	Storage.BAT1	100	0.0446252	7.2379e-019	218.175
56100.81	Storage.BAT1	100	0.0446252	7.2379e-019	218.175
56160.81	Storage.BAT1	100	0.0446252	7.2379e-019	218.175
56220.81	Storage.BAT1	100	0.0446252	7.2379e-019	218.175
56280.81	Storage.BAT1	100	0.0446252	7.2379e-019	218.175
56340.81	Storage.BAT1	100	0.0446252	7.2379e-019	218.175
56400.81	Storage.BAT1	100	0.0446252	7.2379e-019	218.175
56460.81	Storage.BAT1	100	0.0446252	7.2379e-019	218.175
56520.81	Storage.BAT1	100	0.0446252	7.2379e-019	218.175
56580.81	Storage.BAT1	100	0.0446252	7.2379e-019	218.175
56640.81	Storage.BAT1	100	0.0446252	7.2379e-019	218.175
56700.81	Storage.BAT1	100	0.0444539	-4.23029e-019	217.755
56760.81	Storage.BAT1	100	0.0444539	-4.23029e-019	217.755
56820.81	Storage.BAT1	100	0.0444539	-4.23029e-019	217.755
56880.81	Storage.BAT1	100	0.0444539	-4.23029e-019	217.755
56940.81	Storage.BAT1	100	0.0444539	-4.23029e-019	217.755
57000.81	Storage.BAT1	100	0.0444539	-4.23029e-019	217.755
57060.81	Storage.BAT1	100	0.0444539	-4.23029e-019	217.755
57120.81	Storage.BAT1	100	0.0444539	-4.23029e-019	217.755
57180.81	Storage.BAT1	100	0.0444539	-4.23029e-019	217.755
57240.81	Storage.BAT1	100	0.0444539	-4.23029e-019	217.755
57300.81	Storage.BAT1	100	0.0444539	-4.23029e-019	217.755
57360.81	Storage.BAT1	100	0.0444539	-4.23029e-019	217.755
57420.81	Storage.BAT1	100	0.0444539	-4.23029e-019	217.755
57480.81	Storage.BAT1	100	0.0444539	-4.23029e-019	217.755
57540.81	Storage.BAT1	100	0.0444539	-4.23029e-019	217.755
57600.81	Storage.BAT1	100	0.044289	4.21145e-020	217.351
57660.81	Storage.BAT1	100	0.044289	4.21145e-020	217.351
57720.81	Storage.BAT1	100	0.044289	4.21145e-020	217.351
57780.81	Storage.BAT1	100	0.044289	4.21145e-020	217.351
57840.81	Storage.BAT1	100	0.044289	4.21145e-020	217.351
57900.81	Storage.BAT1	100	0.044289	4.21145e-020	217.351
57960.81	Storage.BAT1	100	0.044289	4.21145e-020	217.351
58020.81	Storage.BAT1	100	0.044289	4.21145e-020	217.351
58080.81	Storage.BAT1	100	0.044289	4.21145e-020	217.351
58140.81	Storage.BAT1	100	0.044289	4.21145e-020	217.351
58200.81	Storage.BAT1	100	0.044289	4.21145e-020	217.351
58260.81	Storage.BAT1	100	0.044289	4.21145e-020	217.351
58320.81	Storage.BAT1	100	0.044289	4.21145e-020	217.351
58380.81	Storage.BAT1	100	0.044289	4.21145e-020	217.351
58440.81	Storage.BAT1	100	0.044289	4.21145e-020	217.351
58500.81	Storage.BAT1	100	0.0436404	2.07259e-019	215.754
58560.81	Storage.BAT1	100	0.0436404	2.07259e-019	215.754
58620.81	Storage.BAT1	100	0.0436404	2.07259e-019	215.754
58680.81	Storage.BAT1	100	0.0436404	2.07259e-019	215.754
58740.81	Storage.BAT1	100	0.0436404	2.07259e-019	215.754
58800.81	Storage.BAT1	100	0.0436404	2.07259e-019	215.754
58860.81	Storage.BAT1	100	0.0436404	2.07259e-019	215.754
58920.81	Storage.BAT1	100	0.0436404	2.07259e-019	215.754
58980.81	Storage.BAT1	100	0.0436404	2.07259e-019	215.754
59040.81	Storage.BAT1	100	0.0436404	2.07259e-019	215.754
59100.81	Storage.BAT1	100	0.0436404	2.07259e-019	215.754
59160.81	Storage.BAT1	100	0.0436404	2.07259e-019	215.754
59220.81	Storage.BAT1	100	0.0436404	2.07259e-019	215.754
59280.81	Storage.BAT1	100	0.0436404	2.07259e-019	215.754
59340.81	Storage.BAT1	100	0.0436404	2.07259e-019	215.754
59400.81	Storage.BAT1	100	0.0434036	5.40089e-019	215.168
59460.81	Storage.BAT1	100	0.0434036	5.40089e-019	215.168
59520.81	Storage.BAT1	100	0.0434036	5.40089e-019	215.168
59580.81	Storage.BAT1	100	0.0434036	5.40089e-019	215.168
59640.81	Storage.BAT1	100	0.0434036	5.40089e-019	215.168
59700.81	Storage.BAT1	100	0.0434036	5.40089e-019	215.168
59760.81	Storage.BAT1	100	0.0434036	5.40089e-019	215.168
59820.81	Storage.BAT1	100	0.0434036	5.40089e-019	215.168
59880.81	Storage.BAT1	100	0.0434036	5.40089e-019	215.168
59940.81	Storage.BAT1	100	0.0434036	5.40089e-019	215.168
60000.81	Storage.BAT1	100	0.0434036	5.40089e-019	215.168
60060.81	Storage.BAT1	100	0.0434036	5.40089e-019	215.168
60120.81	Storage.BAT1	100	0.0434036	5.40089e-019	215.168
60180.81	Storage.BAT1	100	0.0434036	5.40089e-019	215.168
60240.81	Storage.BAT1	100	0.0434036	5.40089e-019	215.168
60300.81	Storage.BAT1	100	0.0434814	-5.7151e-020	215.361
60360.81	Storage.BAT1	100	0.0434814	-5.7151e-020	215.361
60420.81	Storage.BAT1	100	0.0434814	-5.7151e-020	215.361
60480.81	Storage.BAT1	100	0.0434814	-5.7151e-020	215.361
60540.81	Storage.BAT1	100	0.0434814	-5.7151e-020	215.361
60600.81	Storage.BAT1	100	0.0434814	-5.7151e-020	215.361
60660.81	Storage.BAT1	100	0.0434814	-5.7151e-020	215.361
60720.81	Storage.BAT1	100	0.0434814	-5.7151e-020	215.361
60780.81	Storage.BAT1	100	0.0434814	-5.7151e-020	215.361
60840.81	Storage.BAT1	100	0.0434814	-5.7151e-020	215.361
60900.81	Storage.BAT1	100	0.0434814	-5.7151e-020	215.361
60960.81	Storage.BAT1	100	0.0434814	-5.7151e-020	215.361
61020.81	Storage.BAT1	100	0.0434814	-5.7151e-020	215.361
61080.81	Storage.BAT1	100	0.0434814	-5.7151e-020	215.361
61140.81	Storage.BAT1	100	0.0434814	-5.7151e-020	215.361
61200.81	Storage.BAT1	100	0.0433726	-6.02051e-019	215.091
61260.81	Storage.BAT1	100	0.0433726	-6.02051e-019	215.091
61320.81	Storage.BAT1	100	0.0433726	-6.02051e-019	215.091
61380.81	Storage.BAT1	100	0.0433726	-6.02051e-019	215.091
61440.81	Storage.BAT1	100	0.0433726	-6.02051e-019	215.091
61500.81	Storage.BAT1	100	0.0433726	-6.02051e-019	215.091
61560.81	Storage.BAT1	100	0.0433726	-6.02051e-019	215.091
61620.81	Storage.BAT1	100	0.0433726	-6.02051e-019	215.091
61680.81	Storage.BAT1	100	0.0433726	-6.02051e-019	215.091
61740.81	Storage.BAT1	100	0.0433726	-6.02051e-019	215.091
61800.81	Storage.BAT1	100	0.0433726	-6.02051e-019	215.091
61860.81	Storage.BAT1	100	0.0433726	-6.02051e-019	215.091
61920.81	Storage.BAT1	100	0.0433726	-6.02051e-019	215.091
61980.81	Storage.BAT1	100	0.0433726	-6.02051e-019	215.091
62040.81	Storage.BAT1	100	0.0433726	-6.02051e-019	215.091
62100.81	Storage.BAT1	100	0.0429284	1.02674e-018	213.987
62160.81	Storage.BAT1	100	0.0429284	1.02674e-018	213.987
62220.81	Storage.BAT1	100	0.0429284	1.02674e-018	213.987
62280.81	Storage.BAT1	100	0.0429284	1.02674e-018	213.987
62340.81	Storage.BAT1	100	0.0429284	1.02674e-018	213.987
62400.81	Storage.BAT1	100	0.0429284	1.02674e-018	213.987
62460.81	Storage.BAT1	100	0.0429284	1.02674e-018	213.987
62520.81	Storage.BAT1	100	0.0429284	1.02674e-018	213.987
62580.81	Storage.BAT1	100	0.0429284	1.02674e-018	213.987
62640.81	Storage.BAT1	100	0.0429284	1.02674e-018	213.987
62700.81	Storage.BAT1	100	0.0429284	1.02674e-018	213.987
62760.81	Storage.BAT1	100	0.0429284	1.02674e-018	213.987
62820.81	Storage.BAT1	100	0.0429284	1.02674e-018	213.987
62880.81	Storage.BAT1	100	0.0429284	1.02674e-018	213.987
62940.81	Storage.BAT1	100	0.0429284	1.02674e-018	213.987
63000.81	Storage.BAT1	100	0.0428241	-1.53848e-019	213.727
63060.81	Storage.BAT1	100	0.0428241	-1.53848e-019	213.727
63120.81	Storage.BAT1	100	0.0428241	-1.53848e-019	213.727
63180.81	Storage.BAT1	100	0.0428241	-1.53848e-019	213.727
63240.81	Storage.BAT1	100	0.0428241	-1.53848e-019	213.727
63300.81	Storage.BAT1	100	0.0428241	-1.53848e-019	213.727
63360.81	Storage.BAT1	100	0.0428241	-1.53848e-019	213.727
63420.81	Storage.BAT1	100	0.0428241	-1.53848e-019	213.727
63480.81	Storage.BAT1	100	0.0428241	-1.53848e-019	213.727
63540.81	Storage.BAT1	100	0.0428241	-1.53848e-019	213.727
63600.81	Storage.BAT1	100	0.0428241	-1.53848e-019	213.727
63660.81	Storage.BAT1	100	0.0428241	-1.53848e-019	213.727
63720.81	Storage.BAT1	100	0.0428241	-1.53848e-019	213.727
63780.81	Storage.BAT1	100	0.0428241	-1.53848e-019	213.727
63840.81	Storage.BAT1	100	0.0428241	-1.53848e-019	213.727
63900.81	Storage.BAT1	100	0.0421292	1.43285e-018	211.986
63960.81	Storage.BAT1	100	0.0432069	4.03405e-019	214.68
64020.81	Storage.BAT1	100	0.0432069	4.03405e-019	214.68
64080.81	Storage.BAT1	100	0.0432069	4.03405e-019	214.68
64140.81	Storage.BAT1	100	0.0432069	4.03405e-019	214.68
64200.81	Storage.BAT1	100	0.0432069	4.03405e-019	214.68
64260.81	Storage.BAT1	100	0.0432069	4.03405e-019	214.68
64320.81	Storage.BAT1	100	0.0432069	4.03405e-019	214.68
64380.81	Storage.BAT1	100	0.0432069	4.03405e-019	214.68
64440.81	Storage.BAT1	100	0.0432069	4.03405e-019	214.68
64500.81	Storage.BAT1	100	0.0432069	4.03405e-019	214.68
64560.81	Storage.BAT1	100	0.0432069	4.03405e-019	214.68
64620.81	Storage.BAT1	100	0.0432069	4.03405e-019	214.68
64680.81	Storage.BAT1	100	0.0432069	4.03405e-019	214.68
64740.81	Storage.BAT1	100	0.0432069	4.03405e-019	214.68
64800.81	Storage.BAT1	100	0.0430355	-1.65219e-019	214.253
64860.81	Storage.BAT1	100	0.0430355	-1.65219e-019	214.253
64920.81	Storage.BAT1	100	0.0430355	-1.65219e-019	214.253
64980.81	Storage.BAT1	100	0.0430355	-1.65219e-019	214.253
65040.81	Storage.BAT1	100	0.0430355	-1.65219e-019	214.253
65100.81	Storage.BAT1	100	0.0430355	-1.65219e-019	214.253
65160.81	Storage.BAT1	100	0.0430355	-1.65219e-019	214.253
65220.81	Storage.BAT1	100	0.0430355	-1.65219e-019	214.253
65280.81	Storage.BAT1	100	0.0430355	-1.65219e-019	214.253
65340.81	Storage.BAT1	100	0.0430355	-1.65219e-019	214.253
65400.81	Storage.BAT1	100	0.0430355	-1.65219e-019	214.253
65460.81	Storage.BAT1	100	0.0430355	-1.65219e-019	214.253
65520.81	Storage.BAT1	100	0.0430355	-1.65219e-019	214.253
65580.81	Storage.BAT1	100	0.0430355	-1.65219e-019	214.253
65640.81	Storage.BAT1	100	0.0430355	-1.65219e-019	214.253
65700.81	Storage.BAT1	100	0.0426572	-1.43599e-018	213.31
65760.81	Storage.BAT1	100	0.0426572	-1.43599e-018	213.31
65820.81	Storage.BAT1	100	0.0426572	-1.43599e-018	213.31
65880.81	Storage.BAT1	100	0.0426572	-1.43599e-018	213.31
65940.81	Storage.BAT1	100	0.0426572	-1.43599e-018	213.31
66000.81	Storage.BAT1	100	0.0426572	-1.43599e-018	213.31
66060.81	Storage.BAT1	100	0.0426572	-1.43599e-018	213.31
66120.81	Storage.BAT1	100	0.0426572	-1.43599e-018	213.31
66180.81	Storage.BAT1	100	0.0426572	-1.43599e-018	213.31
66240.81	Storage.BAT1	100	0.0426572	-1.43599e-018	213.31
66300.81	Storage.BAT1	100	0.0426572	-1.43599e-018	213.31
66360.81	Storage.BAT1	100	0.0426572	-1.43599e-018	213.31
66420.81	Storage.BAT1	100	0.0426572	-1.43599e-018	213.31
66480.81	Storage.BAT1	100	0.0426572	-1.43599e-018	213.31
66540.81	Storage.BAT1	100	0.0426572	-1.43599e-018	213.31
66600.81	Storage.BAT1	100	0.0423927	1.31526e-018	212.647
66660.81	Storage.BAT1	100	0.0423927	1.31526e-018	212.647
66720.81	Storage.BAT1	100	0.0423927	1.31526e-018	212.647
66780.81	Storage.BAT1	100	0.0423927	1.31526e-018	212.647
66840.81	Storage.BAT1	100	0.0423927	1.31526e-018	212.647
66900.81	Storage.BAT1	100	0.0423927	1.31526e-018	212.647
66960.81	Storage.BAT1	100	0.0423927	1.31526e-018	212.647
67020.81	Storage.BAT1	100	0.0423927	1.31526e-018	212.647
67080.81	Storage.BAT1	100	0.0423927	1.31526e-018	212.647
67140.81	Storage.BAT1	100	0.0423927	1.31526e-018	212.647
67200.81	Storage.BAT1	100	0.0423927	1.31526e-018	212.647
67260.81	Storage.BAT1	100	0.0423927	1.31526e-018	212.647
67320.81	Storage.BAT1	100	0.0423927	1.31526e-018	212.647
67380.81	Storage.BAT1	100	0.0423927	1.31526e-018	212.647
67440.81	Storage.BAT1	100	0.0423927	1.31526e-018	212.647
67500.81	Storage.BAT1	100	0.0423469	6.19895e-018	212.532
67560.81	Storage.BAT1	100	0.0423469	6.19895e-018	212.532
67620.81	Storage.BAT1	100	0.0423469	6.19895e-018	212.532
67680.81	Storage.BAT1	100	0.0423469	6.19895e-018	212.532
67740.81	Storage.BAT1	100	0.0423469	6.19895e-018	212.532
67800.81	Storage.BAT1	100	0.0423469	6.19895e-018	212.532
67860.81	Storage.BAT1	100	0.0423469	6.19895e-018	212.532
67920.81	Storage.BAT1	100	0.0423469	6.19895e-018	212.532
67980.81	Storage.BAT1	100	0.0423469	6.19895e-018	212.532
68040.81	Storage.BAT1	100	0.0423469	6.19895e-018	212.532
68100.81	Storage.BAT1	100	0.0423469	6.19895e-018	212.532
68160.81	Storage.BAT1	100	0.0423469	6.19895e-018	212.532
68220.81	Storage.BAT1	100	0.0423469	6.19895e-018	212.532
68280.81	Storage.BAT1	100	0.0423469	6.19895e-018	212.532
68340.81	Storage.BAT1	100	0.0423469	6.19895e-018	212.532
68400.81	Storage.BAT1	100	0.0420977	-8.2745e-019	211.906
68460.81	Storage.BAT1	100	0.0431594	6.34082e-019	214.562
68520.81	Storage.BAT1	100	0.0431594	6.34082e-019	214.562
68580.81	Storage.BAT1	100	0.0431594	6.34082e-019	214.562
68640.81	Storage.BAT1	100	0.0431594	6.34082e-019	214.562
68700.81	Storage.BAT1	100	0.0431594	6.34082e-019	214.562
68760.81	Storage.BAT1	100	0.0431594	6.34082e-019	214.562
68820.81	Storage.BAT1	100	0.0431594	6.34082e-019	214.562
68880.81	Storage.BAT1	100	0.0431594	6.34082e-019	214.562
68940.81	Storage.BAT1	100	0.0431594	6.34082e-019	214.562
69000.81	Storage.BAT1	100	0.0431594	6.34082e-019	214.562
69060.81	Storage.BAT1	100	0.0431594	6.34082e-019	214.562
69120.81	Storage.BAT1	100	0.0431594	6.34082e-019	214.562
69180.81	Storage.BAT1	100	0.0431594	6.34082e-019	214.562
69240.81	Storage.BAT1	100	0.0431594	6.34082e-019	214.562
69300.81	Storage.BAT1	100	0.0427277	-5.4103e-019	213.486
69360.81	Storage.BAT1	100	0.0427277	-5.4103e-019	213.486
69420.81	Storage.BAT1	100	0.0427277	-5.4103e-019	213.486
69480.81	Storage.BAT1	100	0.0427277	-5.4103e-019	213.486
69540.81	Storage.BAT1	100	0.0427277	-5.4103e-019	213.486
69600.81	Storage.BAT1	100	0.0427277	-5.4103e-019	213.486
69660.81	Storage.BAT1	100	0.0427277	-5.4103e-019	213.486
69720.81	Storage.BAT1	100	0.0427277	-5.4103e-019	213.486
69780.81	Storage.BAT1	100	0.0427277	-5.4103e-019	213.486
69840.81	Storage.BAT1	100	0.0427277	-5.4103e-019	213.486
69900.81	Storage.BAT1	100	0.0427277	-5.4103e-019	213.486
69960.81	Storage.BAT1	100	0.0427277	-5.4103e-019	213.486
70020.81	Storage.BAT1	100	0.0427277	-5.4103e-019	213.486
70080.81	Storage.BAT1	100	0.0427277	-5.4103e-019	213.486
70140.81	Storage.BAT1	100	0.0427277	-5.4103e-019	213.486
70200.81	Storage.BAT1	100	0.0432808	-1.03326e-018	214.863
70260.81	Storage.BAT1	100	0.0432808	-1.03326e-018	214.863
70320.81	Storage.BAT1	100	0.0432808	-1.03326e-018	214.863
70380.81	Storage.BAT1	100	0.0432808	-1.03326e-018	214.863
70440.81	Storage.BAT1	100	0.0432808	-1.03326e-018	214.863
70500.81	Storage.BAT1	100	0.0432808	-1.03326e-018	214.863
70560.81	Storage.BAT1	100	0.0432808	-1.03326e-018	214.863
70620.81	Storage.BAT1	100	0.0432808	-1.03326e-018	214.863
70680.81	Storage.BAT1	100	0.0432808	-1.03326e-018	214.863
70740.81	Storage.BAT1	100	0.0432808	-1.03326e-018	214.863
70800.81	Storage.BAT1	100	0.0432808	-1.03326e-018	214.863
70860.81	Storage.BAT1	100	0.0432808	-1.03326e-018	214.863
70920.81	Storage.BAT1	100	0.0432808	-1.03326e-018	214.863
70980.81	Storage.BAT1	100	0.0432808	-1.03326e-018	214.863
71040.81	Storage.BAT1	100	0.0432808	-1.03326e-018	214.863
71100.81	Storage.BAT1	100	0.0428898	-4.44929e-019	213.89
71160.81	Storage.BAT1	100	0.0428898	-4.44929e-019	213.89
71220.81	Storage.BAT1	100	0.0428898	-4.44929e-019	213.89
71280.81	Storage.BAT1	100	0.0428898	-4.44929e-019	213.89
71340.81	Storage.BAT1	100	0.0428898	-4.44929e-019	213.89
71400.81	Storage.BAT1	100	0.0428898	-4.44929e-019	213.89
71460.81	Storage.BAT1	100	0.0428898	-4.44929e-019	213.89
71520.81	Storage.BAT1	100	0.0428898	-4.44929e-019	213.89
71580.81	Storage.BAT1	100	0.0428898	-4.44929e-019	213.89
71640.81	Storage.BAT1	100	0.0428898	-4.44929e-019	213.89
71700.81	Storage.BAT1	100	0.0428898	-4.44929e-019	213.89
71760.81	Storage.BAT1	100	0.0428898	-4.44929e-019	213.89
71820.81	Storage.BAT1	100	0.0428898	-4.44929e-019	213.89
71880.81	Storage.BAT1	100	0.0428898	-4.44929e-019	213.89
71940.81	Storage.BAT1	100	0.0428898	-4.44929e-019	213.89
72000.81	Storage.BAT1	100	0.042997	1.43819e-019	214.158
72060.81	Storage.BAT1	100	0.042997	1.43819e-019	214.158
72120.81	Storage.BAT1	100	0.042997	1.43819e-019	214.158
72180.81	Storage.BAT1	100	0.042997	1.43819e-019	214.158
72240.81	Storage.BAT1	100	0.042997	1.43819e-019	214.158
72300.81	Storage.BAT1	100	0.042997	1.43819e-019	214.158
72360.81	Storage.BAT1	100	0.042997	1.43819e-019	214.158
72420.81	Storage.BAT1	100	0.042997	1.43819e-019	214.158
72480.81	Storage.BAT1	100	0.042997	1.43819e-019	214.158
72540.81	Storage.BAT1	100	0.042997	1.43819e-019	214.158
72600.81	Storage.BAT1	100	0.042997	1.43819e-019	214.158
72660.81	Storage.BAT1	100	0.042997	1.43819e-019	214.158
72720.81	Storage.BAT1	100	0.042997	1.43819e-019	214.158
72780.81	Storage.BAT1	100	0.042997	1.43819e-019	214.158
72840.81	Storage.BAT1	100	0.042997	1.43819e-019	214.158
72900.81	Storage.BAT1	100	0.0434245	1.294e-019	215.219
72960.81	Storage.BAT1	100	0.0434245	1.294e-019	215.219
73020.81	Storage.BAT1	100	0.0434245	1.294e-019	215.219
73080.81	Storage.BAT1	100	0.0434245	1.294e-019	215.219
73140.81	Storage.BAT1	100	0.0434245	1.294e-019	215.219
73200.81	Storage.BAT1	100	0.0434245	1.294e-019	215.219
73260.81	Storage.BAT1	100	0.0434245	1.294e-019	215.219
73320.81	Storage.BAT1	100	0.0434245	1.294e-019	215.219
73380.81	Storage.BAT1	100	0.0434245	1.294e-019	215.219
73440.81	Storage.BAT1	100	0.0434245	1.294e-019	215.219
73500.81	Storage.BAT1	100	0.0434245	1.294e-019	215.219
73560.81	Storage.BAT1	100	0.0434245	1.294e-019	215.219
73620.81	Storage.BAT1	100	0.0434245	1.294e-019	215.219
73680.81	Storage.BAT1	100	0.0434245	1.294e-019	215.219
73740.81	Storage.BAT1	100	0.0434245	1.294e-019	215.219
73800.81	Storage.BAT1	100	0.0435575	-6.01475e-019	215.549
73860.81	Storage.BAT1	100	0.0435575	-6.01475e-019	215.549
73920.81	Storage.BAT1	100	0.0435575	-6.01475e-019	215.549
73980.81	Storage.BAT1	100	0.0435575	-6.01475e-019	215.549
74040.81	Storage.BAT1	100	0.0435575	-6.01475e-019	215.549
74100.81	Storage.BAT1	100	0.0435575	-6.01475e-019	215.549
74160.81	Storage.BAT1	100	0.0435575	-6.01475e-019	215.549
74220.81	Storage.BAT1	100	0.0435575	-6.01475e-019	215.549
74280.81	Storage.BAT1	100	0.0435575	-6.01475e-019	215.549
74340.81	Storage.BAT1	100	0.0435575	-6.01475e-019	215.549
74400.81	Storage.BAT1	100	0.0435575	-6.01475e-019	215.549
74460.81	Storage.BAT1	100	0.0435575	-6.01475e-019	215.549
74520.81	Storage.BAT1	100	0.0435575	-6.01475e-019	215.549
74580.81	Storage.BAT1	100	0.0435575	-6.01475e-019	215.549
74640.81	Storage.BAT1	100	0.0435575	-6.01475e-019	215.549
74700.81	Storage.BAT1	100	0.0440715	1.20563e-019	216.817
74760.81	Storage.BAT1	100	0.0440715	1.20563e-019	216.817
74820.81	Storage.BAT1	100	0.0440715	1.20563e-019	216.817
74880.81	Storage.BAT1	100	0.0440715	1.20563e-019	216.817
74940.81	Storage.BAT1	100	0.0440715	1.20563e-019	216.817
75000.81	Storage.BAT1	100	0.0440715	1.20563e-019	216.817
75060.81	Storage.BAT1	100	0.0440715	1.20563e-019	216.817
75120.81	Storage.BAT1	100	0.0440715	1.20563e-019	216.817
75180.81	Storage.BAT1	100	0.0440715	1.20563e-019	216.817
75240.81	Storage.BAT1	100	0.0440715	1.20563e-019	216.817
75300.81	Storage.BAT1	100	0.0440715	1.20563e-019	216.817
75360.81	Storage.BAT1	100	0.0440715	1.20563e-019	216.817
75420.81	Storage.BAT1	100	0.0440715	1.20563e-019	216.817
75480.81	Storage.BAT1	100	0.0440715	1.20563e-019	216.817
75540.81	Storage.BAT1	100	0.0440715	1.20563e-019	216.817
75600.81	Storage.BAT1	100	0.0444062	-6.52581e-019	217.639
75660.81	Storage.BAT1	100	0.0444062	-6.52581e-019	217.639
75720.81	Storage.BAT1	100	0.0444062	-6.52581e-019	217.639
75780.81	Storage.BAT1	100	0.0444062	-6.52581e-019	217.639
75840.81	Storage.BAT1	100	0.0444062	-6.52581e-019	217.639
75900.81	Storage.BAT1	100	0.0444062	-6.52581e-019	217.639
75960.81	Storage.BAT1	100	0.0444062	-6.52581e-019	217.639
76020.81	Storage.BAT1	100	0.0444062	-6.52581e-019	217.639
76080.81	Storage.BAT1	100	0.0444062	-6.52581e-019	217.639
76140.81	Storage.BAT1	100	0.0444062	-6.52581e-019	217.639
76200.81	Storage.BAT1	100	0.0444062	-6.52581e-019	217.639
76260.81	Storage.BAT1	100	0.0444062	-6.52581e-019	217.639
76320.81	Storage.BAT1	100	0.0444062	-6.52581e-019	217.639
76380.81	Storage.BAT1	100	0.0444062	-6.52581e-019	217.639
76440.81	Storage.BAT1	100	0.0444062	-6.52581e-019	217.639
76500.81	Storage.BAT1	100	0.0446053	-1.31514e-019	218.126
76560.81	Storage.BAT1	100	0.0446053	-1.31514e-019	218.126
76620.81	Storage.BAT1	100	0.0446053	-1.31514e-019	218.126
76680.81	Storage.BAT1	100	0.0446053	-1.31514e-019	218.126
76740.81	Storage.BAT1	100	0.0446053	-1.31514e-019	218.126
76800.81	Storage.BAT1	100	0.0446053	-1.31514e-019	218.126
76860.81	Storage.BAT1	100	0.0446053	-1.31514e-019	218.126
76920.81	Storage.BAT1	100	0.0446053	-1.31514e-019	218.126
76980.81	Storage.BAT1	100	0.0446053	-1.31514e-019	218.126
77040.81	Storage.BAT1	100	0.0446053	-1.31514e-019	218.126
77100.81	Storage.BAT1	100	0.0446053	-1.31514e-019	218.126
77160.81	Storage.BAT1	100	0.0446053	-1.31514e-019	218.126
77220.81	Storage.BAT1	100	0.0446053	-1.31514e-019	218.126
77280.81	Storage.BAT1	100	0.0446053	-1.31514e-019	218.126
77340.81	Storage.BAT1	100	0.0446053	-1.31514e-019	218.126
77400.81	Storage.BAT1	100	0.0444727	5.69098e-019	217.802
77460.81	Storage.BAT1	100	0.0444727	5.69098e-019	217.802
77520.81	Storage.BAT1	100	0.0444727	5.69098e-019	217.802
77580.81	Storage.BAT1	100	0.0444727	5.69098e-019	217.802
77640.81	Storage.BAT1	100	0.0444727	5.69098e-019	217.802
77700.81	Storage.BAT1	100	0.0444727	5.69098e-019	217.802
77760.81	Storage.BAT1	100	0.0444727	5.69098e-019	217.802
77820.81	Storage.BAT1	100	0.0444727	5.69098e-019	217.802
77880.81	Storage.BAT1	100	0.0444727	5.69098e-019	217.802
77940.81	Storage.BAT1	100	0.0444727	5.69098e-019	217.802
78000.81	Storage.BAT1	100	0.0444727	5.69098e-019	217.802
78060.81	Storage.BAT1	100	0.0444727	5.69098e-019	217.802
78120.81	Storage.BAT1	100	0.0444727	5.69098e-019	217.802
78180.81	Storage.BAT1	100	0.0444727	5.69098e-019	217.802
78240.81	Storage.BAT1	100	0.0444727	5.69098e-019	217.802
78300.81	Storage.BAT1	100	0.044955	3.80769e-018	218.98
78360.81	Storage.BAT1	100	0.044955	3.80769e-018	218.98
78420.81	Storage.BAT1	100	0.044955	3.80769e-018	218.98
78480.81	Storage.BAT1	100	0.044955	3.80769e-018	218.98
78540.81	Storage.BAT1	100	0.044955	3.80769e-018	218.98
78600.81	Storage.BAT1	100	0.044955	3.80769e-018	218.98
78660.81	Storage.BAT1	100	0.044955	3.80769e-018	218.98
78720.81	Storage.BAT1	100	0.044955	3.80769e-018	218.98
78780.81	Storage.BAT1	100	0.044955	3.80769e-018	218.98
78840.81	Storage.BAT1	100	0.044955	3.80769e-018	218.98
78900.81	Storage.BAT1	100	0.044955	3.80769e-018	218.98
78960.81	Storage.BAT1	100	0.044955	3.80769e-018	218.98
79020.81	Storage.BAT1	100	0.044955	3.80769e-018	218.98
79080.81	Storage.BAT1	100	0.044955	3.80769e-018	218.98
79140.81	Storage.BAT1	100	0.044955	3.80769e-018	218.98
79200.81	Storage.BAT1	100	0.0447864	-2.83898e-018	218.569
79260.81	Storage.BAT1	100	0.0447864	-2.83898e-018	218.569
79320.81	Storage.BAT1	100	0.0447864	-2.83898e-018	218.569
79380.81	Storage.BAT1	100	0.0447864	-2.83898e-018	218.569
79440.81	Storage.BAT1	100	0.0447864	-2.83898e-018	218.569
79500.81	Storage.BAT1	100	0.0447864	-2.83898e-018	218.569
79560.81	Storage.BAT1	100	0.0447864	-2.83898e-018	218.569
79620.81	Storage.BAT1	100	0.0447864	-2.83898e-018	218.569
79680.81	Storage.BAT1	100	0.0447864	-2.83898e-018	218.569
79740.81	Storage.BAT1	100	0.0447864	-2.83898e-018	218.569
79800.81	Storage.BAT1	100	0.0447864	-2.83898e-018	218.569
79860.81	Storage.BAT1	100	0.0447864	-2.83898e-018	218.569
79920.81	Storage.BAT1	100	0.0447864	-2.83898e-018	218.569
79980.81	Storage.BAT1	100	0.0447864	-2.83898e-018	218.569
80040.81	Storage.BAT1	100	0.0447864	-2.83898e-018	218.569
80100.81	Storage.BAT1	100	0.0452743	-4.74639e-018	219.756
80160.81	Storage.BAT1	100	0.0452743	-4.74639e-018	219.756
80220.81	Storage.BAT1	100	0.0452743	-4.74639e-018	219.756
80280.81	Storage.BAT1	100	0.0452743	-4.74639e-018	219.756
80340.81	Storage.BAT1	100	0.0452743	-4.74639e-018	219.756
80400.81	Storage.BAT1	100	0.0452743	-4.74639e-018	219.756
80460.81	Storage.BAT1	100	0.0452743	-4.74639e-018	219.756
80520.81	Storage.BAT1	100	0.0452743	-4.74639e-018	219.756
80580.81	Storage.BAT1	100	0.0452743	-4.74639e-018	219.756
80640.81	Storage.BAT1	100	0.0452743	-4.74639e-018	219.756
80700.81	Storage.BAT1	100	0.0452743	-4.74639e-018	219.756
80760.81	Storage.BAT1	100	0.0452743	-4.74639e-018	219.756
80820.81	Storage.BAT1	100	0.0452743	-4.74639e-018	219.756
80880.81	Storage.BAT1	100	0.0452743	-4.74639e-018	219.756
80940.81	Storage.BAT1	100	0.0452743	-4.74639e-018	219.756
81000.81	Storage.BAT1	100	0.0458643	8.6232e-019	221.183
81060.81	Storage.BAT1	100	0.0458643	8.6232e-019	221.183
81120.81	Storage.BAT1	100	0.0458643	8.6232e-019	221.183
81180.81	Storage.BAT1	100	0.0458643	8.6232e-019	221.183
81240.81	Storage.BAT1	100	0.0458643	8.6232e-019	221.183
81300.81	Storage.BAT1	100	0.0458643	8.6232e-019	221.183
81360.81	Storage.BAT1	100	0.0458643	8.6232e-019	221.183
81420.81	Storage.BAT1	100	0.0452623	-1.9657e-018	219.727
81480.81	Storage.BAT1	100	0.0452623	-1.9657e-018	219.727
81540.81	Storage.BAT1	100	0.0452623	-1.9657e-018	219.727
81600.81	Storage.BAT1	100	0.0452623	-1.9657e-018	219.727
81660.81	Storage.BAT1	100	0.0452623	-1.9657e-018	219.727
81720.81	Storage.BAT1	100	0.0452623	-1.9657e-018	219.727
81780.81	Storage.BAT1	100	0.0452623	-1.9657e-018	219.727
81840.81	Storage.BAT1	100	0.0452623	-1.9657e-018	219.727
81900.81	Storage.BAT1	100	0.0454139	1.51551e-018	220.094
81960.81	Storage.BAT1	100	0.0454139	1.51551e-018	220.094
82020.81	Storage.BAT1	100	0.0454139	1.51551e-018	220.094
82080.81	Storage.BAT1	100	0.0454139	1.51551e-018	220.094
82140.81	Storage.BAT1	100	0.0454139	1.51551e-018	220.094
82200.81	Storage.BAT1	100	0.0454139	1.51551e-018	220.094
82260.81	Storage.BAT1	100	0.0454139	1.51551e-018	220.094
82320.81	Storage.BAT1	100	0.0454139	1.51551e-018	220.094
82380.81	Storage.BAT1	100	0.0454139	1.51551e-018	220.094
82440.81	Storage.BAT1	100	0.0454139	1.51551e-018	220.094
82500.81	Storage.BAT1	100	0.0454139	1.51551e-018	220.094
82560.81	Storage.BAT1	100	0.0454139	1.51551e-018	220.094
82620.81	Storage.BAT1	100	0.0454139	1.51551e-018	220.094
82680.81	Storage.BAT1	100	0.0454139	1.51551e-018	220.094
82740.81	Storage.BAT1	100	0.0454139	1.51551e-018	220.094
82800.81	Storage.BAT1	100	0.0454676	3.98726e-018	220.224
82860.81	Storage.BAT1	100	0.0454676	3.98726e-018	220.224
82920.81	Storage.BAT1	100	0.0454676	3.98726e-018	220.224
82980.81	Storage.BAT1	100	0.0454676	3.98726e-018	220.224
83040.81	Storage.BAT1	100	0.0454676	3.98726e-018	220.224
83100.81	Storage.BAT1	100	0.0454676	3.98726e-018	220.224
83160.81	Storage.BAT1	100	0.0454676	3.98726e-018	220.224
83220.81	Storage.BAT1	100	0.0454676	3.98726e-018	220.224
83280.81	Storage.BAT1	100	0.0454676	3.98726e-018	220.224
83340.81	Storage.BAT1	100	0.0454676	3.98726e-018	220.224
83400.81	Storage.BAT1	100	0.0454676	3.98726e-018	220.224
83460.81	Storage.BAT1	100	0.0454676	3.98726e-018	220.224
83520.81	Storage.BAT1	100	0.0454676	3.98726e-018	220.224
83580.81	Storage.BAT1	100	0.0454676	3.98726e-018	220.224
83640.81	Storage.BAT1	100	0.0454676	3.98726e-018	220.224
83700.81	Storage.BAT1	100	0.0459611	-1.27583e-018	221.416
83760.81	Storage.BAT1	100	0.0459611	-1.27583e-018	221.416
83820.81	Storage.BAT1	100	0.0453605	-4.28741e-019	219.965
83880.81	Storage.BAT1	100	0.0453605	-4.28741e-019	219.965
83940.81	Storage.BAT1	100	0.0453605	-4.28741e-019	219.965
84000.81	Storage.BAT1	100	0.0453605	-4.28741e-019	219.965
84060.81	Storage.BAT1	100	0.0453605	-4.28741e-019	219.965
84120.81	Storage.BAT1	100	0.0453605	-4.28741e-019	219.965
84180.81	Storage.BAT1	100	0.0453605	-4.28741e-019	219.965
84240.81	Storage.BAT1	100	0.0453605	-4.28741e-019	219.965
84300.81	Storage.BAT1	100	0.0453605	-4.28741e-019	219.965
84360.81	Storage.BAT1	100	0.0453605	-4.28741e-019	219.965
84420.81	Storage.BAT1	100	0.0453605	-4.28741e-019	219.965
84480.81	Storage.BAT1	100	0.0453605	-4.28741e-019	219.965
84540.81	Storage.BAT1	100	0.0453605	-4.28741e-019	219.965
84600.81	Storage.BAT1	100	0.0456702	2.13107e-018	220.714
84660.81	Storage.BAT1	100	0.0456702	2.13107e-018	220.714
84720.81	Storage.BAT1	100	0.0456702	2.13107e-018	220.714
84780.81	Storage.BAT1	100	0.0456702	2.13107e-018	220.714
84840.81	Storage.BAT1	100	0.0456702	2.13107e-018	220.714
84900.81	Storage.BAT1	100	0.0456702	2.13107e-018	220.714
84960.81	Storage.BAT1	100	0.0456702	2.13107e-018	220.714
85020.81	Storage.BAT1	100	0.0456702	2.13107e-018	220.714
85080.81	Storage.BAT1	100	0.0456702	2.13107e-018	220.714
85140.81	Storage.BAT1	100	0.0456702	2.13107e-018	220.714
85200.81	Storage.BAT1	100	0.0456702	2.13107e-018	220.714
85260.81	Storage.BAT1	100	0.0456702	2.13107e-018	220.714
85320.81	Storage.BAT1	100	0.0456702	2.13107e-018	220.714
85380.81	Storage.BAT1	100	0.0456702	2.13107e-018	220.714
85440.81	Storage.BAT1	100	0.0456702	2.13107e-018	220.714
85500.81	Storage.BAT1	100	0.045993	-2.29776e-019	221.493
85560.81	Storage.BAT1	100	0.045993	-2.29776e-019	221.493
85620.81	Storage.BAT1	100	0.045993	-2.29776e-019	221.493
85680.81	Storage.BAT1	100	0.045993	-2.29776e-019	221.493
85740.81	Storage.BAT1	100	0.0453925	1.25362e-018	220.043
85800.81	Storage.BAT1	100	0.0453925	1.25362e-018	220.043
85860.81	Storage.BAT1	100	0.0453925	1.25362e-018	220.043
85920.81	Storage.BAT1	100	0.0453925	1.25362e-018	220.043
85980.81	Storage.BAT1	100	0.0453925	1.25362e-018	220.043
86040.81	Storage.BAT1	100	0.0453925	1.25362e-018	220.043
86100.81	Storage.BAT1	100	0.0453925	1.25362e-018	220.043
86160.81	Storage.BAT1	100	0.0453925	1.25362e-018	220.043
86220.81	Storage.BAT1	100	0.0453925	1.25362e-018	220.043
86280.81	Storage.BAT1	100	0.0453925	1.25362e-018	220.043
86340.81	Storage.BAT1	100	0.0453925	1.25362e-018	220.043
