3.904
3.911
3.914
3.903
3.91
3.902
3.875
3.801
1.223
0.759
0.288
0.288
0.289
0.288
0.288
0.288
0.288
0.288
0.288
0.287
0.287
0.287
0.287
0.287
0.286
0.286
0.286
0.286
0.286
0.286
0.285
0.286
0.285
0.285
0.285
0.285
0.285
0.285
0.285
0.284
0.284
0.283
0.283
0.284
0.283
0.283
0.283
0.283
0.282
0.282
0.282
0.282
0.283
0.283
0.283
0.283
0.282
0.282
0.282
0.282
0.282
0.282
0.281
0.281
0.281
0.282
0.282
0.281
0.282
0.281
0.281
0.281
0.281
0.392
0.409
0.405
0.4
0.398
3.023
3.89
3.853
3.847
3.843
3.846
3.85
3.846
3.844
3.847
3.841
3.838
3.839
3.839
3.835
3.842
3.84
1.464
0.913
0.401
0.397
0.397
0.398
0.397
0.396
0.395
0.394
0.394
0.393
0.393
0.393
0.392
0.393
0.392
0.392
0.391
0.391
0.391
0.391
0.39
0.39
0.39
0.39
0.39
0.39
0.39
0.39
0.389
0.389
0.388
0.388
0.388
0.388
0.388
0.387
0.388
0.389
0.388
0.388
0.388
0.388
0.387
0.387
0.387
0.387
0.386
0.385
0.384
0.384
0.383
0.383
0.383
0.382
0.382
0.382
0.382
0.382
0.382
0.382
0.384
0.384
0.384
1.076
3.819
3.832
3.81
3.814
3.812
3.812
3.804
3.805
3.801
3.801
3.801
3.796
3.792
3.791
3.796
3.803
1.642
0.953
0.377
0.377
0.377
0.335
0.281
0.281
0.281
0.281
0.281
0.28
0.279
0.28
0.28
0.28
0.28
0.28
0.28
0.28
0.28
0.28
0.28
0.28
0.28
0.28
0.28
0.281
0.281
0.281
0.281
0.282
0.282
0.282
0.282
0.281
0.281
0.281
0.281
0.281
0.281
0.282
0.282
0.281
0.281
0.281
0.281
0.281
0.281
0.281
0.281
0.281
0.281
0.281
0.281
0.281
0.281
0.281
0.281
0.281
0.281
0.281
0.281
0.281
0.281
0.281
0.281
0.281
0.281
0.281
0.281
0.281
0.281
0.281
0.281
0.282
0.281
0.281
0.281
0.28
0.28
0.28
0.28
0.28
0.281
0.281
0.281
0.281
0.281
0.281
0.281
0.281
0.281
0.282
0.282
0.282
0.28
0.28
0.28
0.281
0.281
0.281
0.28
0.291
0.299
0.327
0.429
0.424
0.419
0.416
0.415
0.415
0.417
0.507
0.535
0.525
0.518
0.517
0.516
0.535
0.649
0.656
0.532
0.432
0.435
0.432
0.431
0.43
1.888
3.797
3.78
3.774
3.768
3.767
3.769
3.765
3.766
3.765
3.84
3.865
3.863
3.862
3.866
2.631
1.294
0.479
0.419
0.418
0.42
0.42
0.419
0.418
0.418
0.417
0.417
0.417
0.416
0.415
0.415
0.416
0.416
0.416
0.839
3.754
3.793
3.77
3.769
3.772
3.777
3.774
3.768
3.769
3.764
3.765
3.766
3.76
3.756
3.302
1.173
0.856
0.734
0.652
0.552
0.444
0.482
0.529
0.495
0.462
0.439
0.44
0.44
0.412
0.38
0.38
0.379
0.379
0.375
3.058
3.753
3.725
3.719
3.717
3.719
3.72
3.72
3.72
3.719
3.722
3.723
3.717
3.72
3.719
3.718
3.718
1.364
0.829
0.42
0.418
0.416
0.417
0.413
0.411
0.41
0.408
0.406
0.406
0.4
0.404
0.416
0.418
0.416
0.41
0.415
0.409
0.409
0.409
0.41
0.412
0.413
0.414
0.429
0.406
0.414
0.414
0.414
0.414
0.413
0.415
0.414
0.414
0.415
0.415
0.414
0.412
0.412
0.411
0.412
0.407
0.405
0.406
0.406
0.406
0.405
0.407
0.405
0.4
0.406
0.407
0.407
0.407
0.408
0.408
0.407
0.406
0.407
0.407
0.408
0.409
0.412
0.413
0.413
0.411
0.414
0.415
0.415
0.413
0.411
0.414
0.431
0.437
0.435
0.434
0.438
0.436
0.435
0.438
0.442
0.445
0.448
0.45
0.447
0.446
0.447
0.454
0.456
0.453
0.455
0.457
0.457
0.457
0.457
0.44
0.596
0.596
0.591
0.588
0.419
0.519
0.448
0.469
0.469
0.394
0.394
0.394
0.396
0.397
0.397
0.396
0.398
0.399
0.401
0.401
0.402
0.404
0.407
0.409
0.411
0.408
0.418
0.419
0.419
0.418
0.415
0.427
0.432
0.428
0.418
0.421
0.422
0.424
0.421
0.422
0.425
0.432
0.428
0.426
0.427
0.423
0.423
0.421
0.419
0.426
0.426
0.426
0.428
0.432
0.432
0.43
0.43
0.422
0.433
0.433
0.434
0.435
0.435
0.436
0.44
0.439
0.439
0.44
0.441
0.444
0.446
0.449
0.45
0.447
0.448
0.447
0.448
0.446
0.447
0.447
0.44
0.447
0.448
0.448
0.449
0.45
0.452
0.453
0.454
0.451
0.428
0.456
0.456
0.37
0.432
0.455
0.456
0.439
0.456
0.457
0.439
0.457
0.451
0.454
0.454
0.455
0.455
0.455
0.456
0.456
0.458
0.459
0.434
0.365
0.364
0.365
0.365
0.366
0.366
0.366
0.368
0.343
0.365
0.368
0.368
0.368
0.369
0.37
0.37
0.37
0.371
0.371
0.372
0.372
0.373
0.373
0.373
0.373
0.373
0.374
0.374
0.374
0.375
0.375
0.376
0.376
0.377
0.377
0.377
0.378
0.378
0.378
0.378
0.378
0.378
0.379
0.379
0.379
0.379
0.379
0.38
0.38
0.381
0.381
0.381
0.382
0.383
0.383
0.383
0.383
0.384
0.384
0.384
0.384
0.384
0.384
0.384
0.385
0.385
0.386
0.387
0.386
0.387
0.386
0.387
0.387
0.387
0.387
0.387
0.387
0.387
0.388
0.388
0.388
0.388
0.388
0.389
0.389
0.39
0.39
0.39
0.39
0.39
0.39
0.39
0.39
0.39
0.391
0.391
0.39
0.391
0.392
0.392
0.393
0.393
0.529
0.521
0.516
0.512
0.511
0.511
0.51
0.511
0.512
0.513
0.513
0.515
0.514
0.514
0.515
0.515
0.515
0.515
0.516
0.517
0.513
0.513
0.514
0.513
0.512
0.512
0.511
0.511
0.511
0.511
0.51
0.509
0.51
0.509
0.509
0.509
0.509
0.508
0.508
0.508
0.508
0.507
0.507
0.507
0.507
0.507
0.507
0.507
0.508
0.507
0.507
0.507
0.506
0.508
0.51
0.509
0.508
0.508
0.508
0.508
0.509
0.508
0.507
0.508
0.507
0.507
0.486
0.499
0.503
0.504
0.502
0.501
0.501
0.501
0.5
0.5
0.5
0.5
0.499
0.502
0.502
0.502
0.503
0.503
0.503
0.503
0.504
0.505
0.506
0.506
0.507
0.506
0.501
0.502
0.497
0.497
0.501
0.499
0.499
0.498
0.497
0.497
0.498
0.499
0.499
0.499
0.5
0.426
0.402
0.401
0.401
0.395
0.34
0.391
0.402
0.4
0.401
0.401
0.4
0.401
0.4
0.399
0.399
0.399
0.399
0.399
0.4
0.4
0.4
0.399
0.399
0.399
0.399
0.398
0.399
0.398
0.398
0.398
0.399
0.399
0.398
0.399
0.399
0.399
0.4
0.398
0.398
0.398
0.399
0.398
0.399
0.398
0.398
0.398
0.398
0.398
0.398
0.398
0.397
0.397
0.397
0.397
0.397
0.397
0.397
0.396
0.396
0.396
0.396
0.396
0.395
0.395
0.396
0.395
0.395
0.395
0.39
0.386
0.395
0.395
0.395
0.394
0.394
0.394
0.394
0.393
0.393
0.393
0.394
0.394
0.393
0.392
0.392
0.392
0.392
0.392
0.392
0.392
0.392
0.392
0.391
0.391
0.39
0.389
0.389
0.39
0.39
0.389
0.389
0.462
0.519
0.515
0.51
0.507
0.505
0.505
0.504
0.424
0.431
0.482
0.507
0.507
0.507
0.506
0.507
0.508
0.508
0.508
0.508
0.507
0.508
0.505
0.504
0.504
0.502
0.501
0.5
0.499
0.498
0.497
0.497
0.497
0.496
0.496
0.496
0.496
0.497
0.498
0.498
0.496
0.495
0.494
0.493
0.449
0.481
0.487
0.418
0.434
0.49
0.488
0.49
0.491
0.49
0.447
0.397
0.403
0.473
0.409
0.405
0.398
0.43
0.415
0.473
0.482
0.481
0.479
0.478
0.477
0.475
0.474
0.472
0.47
0.471
0.471
0.467
0.472
0.47
0.454
0.455
0.47
0.47
0.452
0.43
0.447
0.426
0.372
0.394
0.465
0.464
0.462
0.46
0.454
0.454
0.456
0.456
0.456
0.456
0.457
0.458
0.458
0.458
0.456
0.444
0.433
0.419
0.377
0.429
0.444
0.443
0.441
0.4
0.391
0.404
0.444
0.471
0.407
1.339
4.463
4.473
4.427
4.415
4.386
4.402
4.382
4.39
4.387
4.377
4.355
4.355
4.351
4.378
4.368
4.357
4.353
4.357
4.368
4.366
4.357
4.355
4.34
4.334
4.334
4.357
4.375
4.364
4.362
4.357
4.357
4.423
4.421
4.256
4.394
4.427
4.415
4.408
4.391
4.394
4.396
4.39
4.382
4.379
4.372
4.389
4.376
4.353
4.346
4.339
4.675
4.383
4.375
4.379
4.379
4.372
4.364
4.362
4.367
4.377
4.393
4.41
4.402
4.388
4.375
4.381
4.382
4.364
4.346
4.35
4.356
4.355
4.351
4.325
4.328
4.337
4.333
4.337
4.335
4.331
4.332
3.799
1.255
0.789
0.489
0.486
0.506
0.486
0.582
0.636
0.549
0.616
0.672
0.66
0.653
0.65
0.647
0.647
0.641
0.668
0.651
1.608
4.494
4.49
4.477
4.472
4.48
4.469
4.475
4.477
4.474
4.47
4.48
4.485
4.466
4.488
4.472
4.466
4.458
4.439
4.445
4.432
4.42
4.415
4.405
4.4
4.398
4.39
4.401
4.394
4.393
4.396
4.399
4.376
4.393
4.426
4.433
4.425
4.422
4.422
4.399
4.418
4.409
4.407
4.396
4.391
4.389
4.382
4.385
4.396
4.391
4.385
4.396
4.392
4.398
4.386
4.378
4.375
4.367
4.363
4.461
4.65
4.573
4.547
4.542
4.548
4.552
4.544
4.512
4.514
4.515
4.512
4.522
4.529
4.523
4.518
4.506
4.519
4.511
4.505
4.511
4.506
4.492
4.484
4.476
4.483
4.475
4.465
4.446
4.448
4.44
4.449
4.458
4.454
4.445
4.452
4.459
4.461
4.466
4.464
4.464
4.464
4.447
4.435
4.447
4.432
4.432
4.43
4.436
4.432
4.431
4.433
4.433
4.424
4.439
4.448
4.457
1.851
1.297
0.771
0.771
0.775
0.777
0.775
0.762
0.76
0.754
0.757
0.766
0.767
0.77
0.773
0.768
0.769
0.768
0.759
0.757
0.757
0.757
0.824
0.839
0.853
0.875
0.763
0.738
0.74
0.739
0.739
0.738
0.74
1.01
4.274
4.388
4.366
4.369
4.365
4.372
4.374
4.352
4.357
4.351
4.37
4.381
4.364
4.358
4.328
4.313
4.317
4.326
4.34
4.338
4.342
4.34
4.348
4.347
4.339
4.338
4.335
4.327
4.337
4.338
4.344
4.339
4.34
4.327
4.34
4.343
4.333
4.324
4.331
4.347
3.566
1.554
0.936
0.734
0.757
0.726
0.765
0.781
0.735
0.63
0.522
0.536
0.538
0.537
0.541
0.541
0.538
3.624
4.172
4.158
4.171
4.178
4.145
4.13
4.133
4.141
4.143
4.14
4.138
4.147
4.132
4.126
4.13
4.123
4.109
4.118
4.116
4.122
4.117
4.135
4.129
4.131
4.135
4.139
4.129
4.129
4.131
4.141
4.15
4.126
4.144
4.13
4.136
4.136
4.135
4.125
4.129
4.137
3.855
1.314
0.89
0.536
0.542
0.539
0.541
0.541
0.539
0.525
0.536
0.539
0.541
0.541
0.539
0.542
0.542
0.534
0.531
0.528
0.528
0.509
0.525
0.523
0.52
0.517
0.594
1.094
1.093
1.092
1.093
1.093
1.089
1.089
1.086
1.084
1.085
1.086
1.088
1.087
1.088
1.111
1.193
1.084
0.967
0.948
0.87
0.309
0.309
1.386
3.866
3.859
3.833
3.841
3.836
3.832
3.836
3.834
3.836
3.835
3.831