0.904
3.891
3.948
3.946
3.943
2.334
1.148
0.644
0.644
0.643
0.642
0.641
0.641
0.641
0.641
0.64
0.641
0.642
0.644
0.639
0.638
0.638
0.637
3.001
3.917
3.923
3.928
1.393
0.972
0.636
0.636
0.634
0.638
0.638
0.692
0.784
0.775
0.776
0.774
0.772
0.769
0.768
0.767
0.769
0.769
2.731
3.785
3.792
3.787
1.486
0.887
0.509
0.509
0.508
0.508
0.51
0.51
0.509
0.509
0.511
0.509
0.508
0.508
0.383
0.38
0.378
0.379
0.378
0.378
0.378
0.378
0.378
1.964
3.638
3.636
3.634
2.02
0.881
0.378
0.38
0.297
0.296
0.293
0.293
0.293
0.293
0.293
0.293
0.293
0.294
0.293
0.293
0.292
0.293
0.293
0.293
0.293
0.413
0.435
0.434
0.435
0.436
0.435
0.436
0.436
0.679
3.618
3.67
3.67
1.16
0.759
0.429
0.506
0.526
0.519
0.517
0.516
0.515
0.515
0.516
0.513
0.513
0.513
0.512
0.512
0.383
0.382
0.382
0.382
0.382
0.381
0.379
0.377
0.376
0.376
0.377
0.377
0.377
0.374
0.377
0.375
0.376
0.376
0.377
0.376
0.374
0.376
0.375
0.375
0.377
0.376
0.375
0.375
0.376
0.375
0.385
0.307
0.294
0.291
0.413
0.432
0.429
0.431
0.431
0.431
0.431
0.431
0.432
0.431
0.432
0.431
0.43
0.426
0.425
0.423
0.422
0.421
0.421
0.421
0.42
0.419
0.419
0.414
0.416
0.418
0.418
0.368
0.29
0.289
0.349
0.393
0.385
0.383
0.382
0.381
0.38
0.381
0.382
0.381
0.384
0.382
0.382
0.381
0.381
0.381
0.38
0.381
0.38
0.38
0.38
0.379
0.38
0.379
0.377
0.376
0.384
0.379
0.379
0.382
0.379
0.454
0.521
0.515
0.517
0.518
0.519
0.52
0.52
0.519
0.521
0.519
0.518
0.493
0.432
0.428
0.423
0.424
0.423
0.421
0.423
0.421
0.421
0.42
0.42
0.42
0.419
0.42
0.382
0.291
0.291
0.29
0.289
0.29
0.29
0.291
0.29
0.29
0.291
0.29
0.292
0.29
0.29
0.29
0.289
0.29
0.291
0.36
0.393
0.387
0.386
0.383
0.382
0.382
0.382
0.381
0.382
0.383
0.38
0.381
0.381
0.38
0.449
0.526
0.518
0.52
0.519
0.52
0.52
0.52
0.521
0.518
0.518
0.518
0.519
0.516
0.513
0.51
0.508
0.507
0.509
0.508
0.507
0.507
0.506
0.506
0.506
0.505
0.475
0.371
0.294
0.29
0.289
0.289
0.288
0.288
0.289
0.29
0.288
0.289
0.289
0.289
0.289
0.289
0.289
0.289
0.289
0.291
0.291
0.291
0.292
0.29
0.29
0.29
0.29
0.29
0.29
0.29
0.29
0.29
0.291
0.29
0.318
0.506
0.53
0.525
0.525
0.525
0.525
0.524
0.524
0.524
0.523
0.522
0.522
0.522
0.518
0.515
0.512
0.511
0.512
0.509
0.556
0.637
0.621
0.532
0.518
0.518
0.518
0.551
0.463
0.458
0.471
0.417
0.426
0.738
0.728
0.724
0.769
0.724
0.764
0.726
0.678
0.601
0.584
0.581
0.613
0.622
0.689
0.642
0.736
0.72
0.72
0.72
0.756
0.753
0.754
0.748
0.752
0.745
0.551
0.595
0.689
0.562
0.673
0.672
0.67
0.551
0.548
0.619
0.457
0.47
0.868
1.651
1.624
1.309
1.645
1.724
1.398
1.71
1.705
1.537
1.351
1.563
1.56
1.099
0.565
0.573
0.634
0.627
0.804
0.781
0.693
0.787
0.698
0.695
1.564
1.813
1.801
1.805
1.77
1.764
1.762
1.777
1.854
1.851
1.844
1.84
1.836
1.968
1.979
1.977
1.988
3.808
3.764
3.314
2.829
2.1
1.059
1.05
1.051
1.043
0.951
0.647
0.782
0.956
0.827
2.354
2.129
1.909
0.846
0.825
0.783
1.459
1.268
1.213
1.137
1.089
1.012
1.01
1.01
0.997
0.985
0.973
0.966
0.97
0.603
0.81
1.033
0.996
0.982
0.85
0.637
0.553
0.55
0.547
0.546
0.545
0.545
0.546
0.544
0.525
0.525
0.529
0.535
0.534
0.53
0.529
0.53
0.535
0.536
0.537
0.536
0.539
0.719
0.921
1.288
1.603
1.596
1.595
1.597
1.621
1.466
0.534
0.627
0.793
0.751
0.662
0.921
0.843
1.065
1.384
1.163
1.16
1.41
1.159
1.153
1.396
1.15
1.154
1.392
1.15
1.147
1.385
1.144
1.143
1.393
1.141
1.14
1.384
1.141
1.141
1.385
1.139
1.14
1.389
1.138
1.136
1.307
1.116
1.009
1.014
1.24
1.006
1.008
1.357
1.102
1.098
1.335
1.098
1.1
1.1
1.338
1.103
1.105
1.345
1.106
1.109
1.214
1.235
1.108
1.108
1.341
1.103
1.104
1.342
1.106
1.1
1.102
1.399
1.255
1.236
1.483
1.24
1.243
1.262
1.523
4.474
4.539
4.736
3.159
1.745
1.256
1.465
1.205
1.146
1.144
1.379
1.143
1.143
1.336
1.187
1.141
1.14
1.376
1.138
3.607
4.495
4.723
4.476
3.292
1.856
1.201
1.005
1.005
1.242
1.004
1.004
1.002
1.241
1.007
1.008
1.243
1.004
1.004
2.099
4.606
4.401
4.427
4.509
4.733
4.221
1.608
1.477
1.099
1.099
1.097
1.164
1.195
1.188
1.188
1.164
1.165
1.161
1.158
2.528
4.55
4.739
4.746
4.728
4.725
4.726
4.721
3.98
1.82
1.466
1.309
1.305
1.304
1.297
1.294
1.293
1.292
1.29
1.293
1.292
1.291
1.287
2.318
4.624
4.644
4.664
4.657
4.643
4.656
4.581
4.536
4.547
3.543
1.676
1.368
1.245
1.245
1.24
1.235
0.965
0.816
0.743
0.678
0.743
0.804
0.803
1.012
4.09
4.158
4.15
4.245
4.254
4.269
4.248
4.268
4.27
4.325
4.237
2.743
1.26
0.775
0.744
1.072
1.284
1.229
1.348
1.047
0.941
0.998
1.014
1.011
2.709
4.541
4.555
4.556
4.579
4.597
4.635
4.633
4.642
4.638
4.637
4.65
1.631
1.292
1
0.998
0.997
0.998
0.998
0.873
0.868
0.935
0.959
0.953
2.61
4.434
4.401
4.401
4.41
4.419
4.428
4.409
4.398
4.396
2.623
1.364
0.862
0.864
0.863
0.863
0.868
0.868
0.865
0.862
0.86
0.86
0.861
0.859
0.859
1.153
4.344
4.442
4.455
4.562
4.569
4.581
4.551
4.552
4.624
4.413
1.604
1.368
1.115
1.104
1.11
1.089
1.119
1.115
1.12
1.335
1.564
1.485
1.438
1.442
1.442
1.772
5.017
5.059
5.041
4.842
4.654
4.753
4.743
4.811
4.865
1.851
1.124
0.752
0.802
1.095
1.089
1.096
0.947
0.892
0.842
1.035
0.974
0.926
0.882
0.871
0.867
3.167
4.386
4.095
4.093
4.075
4.045
4.05
4.025
4.013
4.074
2.241
0.998
0.598
0.589
0.589
0.597
0.59
0.593
0.591
0.591
0.591
0.59
0.591
0.589
0.585
0.935
4.226
4.29
4.281
4.26
4.289
4.334
4.337
4.338
4.345
4.347
4.341
3.235
1.037
0.637
0.522
0.52
0.521
0.523
0.522
0.52
0.521
0.52
0.519
0.519
0.52
0.518
0.518
3.562
4.241
4.199
4.183
4.193
4.2
4.192
4.199
4.202
4.197
4.199
1.533
0.89
0.518
0.518
0.45
0.436
0.433
0.525
0.576
0.572
0.572
0.573
0.573
0.573
0.573
0.576
1.796
4.251
4.268
4.263
4.307
4.275
4.333
4.347
4.329
4.328
4.313
4.317
4.349
4.356
4.352
1.407
0.979
0.531
0.514
0.514
0.514
0.519
0.584
0.62
0.64
0.642
0.641
0.466
0.778
4.096
4.155
4.134
4.147
4.145
4.122
4.102
4.108
4.129
4.132
4.16
4.165
4.137
4.118
4.121
4.137
2.518
0.951
0.47
0.439
0.44
0.499
0.584
0.577
0.579
0.582
0.581
0.58
0.58
0.58
0.5
0.496
3.869
4.217
4.159
4.19
4.154
4.159
4.139
4.152
4.167
4.165
4.178
4.183
4.181
4.177
4.185
4.08
4.043
4.061
4.015
0.865
0.643
0.354
0.354
0.355
0.353
0.352
0.351
0.354
0.351
0.351
0.352
0.356
2.516
4.148
4.139
4.13
4.15
4.158
4.129
4.12
4.1
4.113
4.113
4.111
4.13
4.144
4.163
4.153
4.203
3.988
1.151
0.882
0.643
0.642
0.641
0.641
0.64
0.641
3.649
4.318
4.285
4.262
4.268
4.29
4.302
4.288
4.336
4.327
4.455
4.398
4.37
4.349
4.335
4.318
4.29
4.182
4.088
4.113
4.121
4.106
4.102
4.167
4.198
4.228
2.212
1.099
0.632
0.631
0.627
0.625
0.624
0.622
0.621
0.62
0.618
3.909
4.297
7.126
8.398
8.441
8.531
8.531
8.512
8.51
6.542
4.561
4.556
7.291
7.239
4.529
4.534
6.597
7.444
4.552
4.557
6.311
7.573
7.555
3.604
1.431
0.937
3.861
3.423
2.206
3.921
2.513
0.931
0.934
2.972
7.501
5.506
4.384
4.378
6.996
9.452
6.592
4.979
6.057
10.16
10.161
8.064
8.84
8.014
6.659
6.183
6.985
6.364
3.971
1.46
3.53
3.458
1.11
3.368
3.374
1.11
3.371
3.375
1.109
5.588
7.185
4.838
7.186
4.832
4.8
4.792
4.789
4.791
4.801
4.837
4.838
4.827
4.826
4.748
4.613
3.515
1.555
1.149
1.011
1.005
1.004
1.002
1.003
1.002
1.028
1.142
1.041
2.816
4.608
4.616
4.696
5.096
5.164
5.163
5.119
4.989
5.003
4.972
4.97
4.957
4.985
4.982
3.638
1.953
1.496
1.431
1.378
1.303
1.384
1.454
1.51
1.232
1.072
1.069
3.78
4.976
4.973
4.962
4.783
4.921
4.863
5.136
5.136
5.187
5.171
5.167
5.166
5.26
3.062
1.769
1.295
1.284
1.281
1.279
1.275
1.279
1.283
1.273
1.266
1.363
4.675
4.779
4.762
4.75
4.751
4.752
4.755
4.749
4.748
4.733
4.732
4.726
4.389
1.759
1.436
1.12
1.121
1.124
1.145
1.289
1.125
1.156
1.193
1.119
1.122
3.494
4.651
4.678
4.592
4.55
4.56
4.592
4.556
3.487
1.619
1.22
1.098
1.142
1.17
1.188
1.658
1.665
1.665
1.657
1.63
1.736
4.979
5.123
5.087
4.554
4.523
4.474
4.439
4.451
4.246
1.836
1.509
1.257
1.22
1.098
3.132
4.457
4.421
4.409
4.404
4.389
4.375
4.346
4.361
4.392
4.365
4.355
4.344
4.312
4.343
4.317
4.25
4.25
4.253
4.247
4.24
4.239
4.241
4.238
4.238
4.232
4.234
4.234
4.229
4.224
4.22
4.215
4.219
4.217
4.217
4.214
4.216
4.216
2.902
1.31
0.796
0.739
0.735
0.736
0.736
0.736
0.735
2.782
4.082
4.045
4.044
3.873
3.879
4.069
3.876
3.738
2.195
0.915
0.387
0.367
0.365
0.363
0.366
0.377
0.368
0.365
0.372
0.375
0.381
0.374
0.372
0.367
0.36
0.462
0.464
0.532
0.596
0.599
0.6
0.591
0.592
0.592
0.592
0.59
0.585
0.584
0.583
0.582
0.582
0.581
0.58
0.579
0.577
0.576
0.576
0.574
0.574
0.574
0.576
0.576
0.572
0.557
0.551
0.551
0.549
0.55
0.55
0.55
0.551
0.473
0.336
0.337
0.334
0.333
0.332
0.333
0.331
0.332
0.335
0.331
0.331
0.329
0.329
0.329
0.335
0.336
0.337
0.345
0.344
0.345
0.346
0.339
0.34
0.339
0.336
0.34
0.336
0.334
0.338
0.336
0.334
0.471
0.48
0.511
0.581
0.573
0.569
0.565
0.57
0.563
0.56
0.558
0.559
0.555
0.553
0.553
0.553
0.551
0.546
0.545
0.547
0.547
0.553
0.551
0.551
0.55
0.549
0.547
0.546
0.548
0.585
0.636
0.544
0.525
