0.32
0.319
0.319
0.319
0.319
0.296
0.201
0.2
0.2
0.2
1.657
2.5
2.5
2.497
2.509
2.499
2.246
0.666
0.604
0.195
0.195
0.194
0.194
0.194
0.195
0.243
0.351
0.332
0.329
0.327
0.326
0.326
0.326
0.325
2.565
2.633
2.628
2.627
2.629
2.612
1.74
0.781
0.564
0.316
0.315
0.309
0.317
0.322
0.324
0.326
0.327
0.327
0.327
0.327
0.32
0.315
0.313
0.311
0.31
0.64
2.572
2.588
2.587
2.487
2.47
2.465
1.16
0.64
0.33
0.185
0.185
0.185
0.185
0.185
0.185
0.185
0.186
0.185
0.185
0.185
0.185
0.185
0.185
0.242
0.337
0.321
1.564
2.545
2.542
2.299
0.778
0.712
0.31
0.31
0.31
0.311
0.312
0.313
0.313
0.313
0.312
0.312
0.312
0.312
0.215
0.191
0.19
0.19
0.19
0.191
0.19
0.191
0.19
0.19
0.19
0.19
0.202
1.611
2.558
2.551
2.157
0.79
0.688
0.317
0.315
0.315
0.314
0.314
0.312
0.312
0.312
0.311
0.309
0.309
0.308
0.308
0.308
0.308
0.307
0.307
0.241
0.189
0.189
0.189
0.188
0.183
0.184
0.184
0.184
0.184
0.185
0.184
0.184
0.299
2.394
2.392
2.388
0.688
0.614
0.228
0.341
0.322
0.315
0.313
0.312
0.313
0.314
0.314
0.314
0.314
0.313
0.313
0.315
0.322
0.325
0.326
0.327
0.328
0.328
0.328
0.328
0.321
0.317
0.315
0.314
0.313
0.313
0.314
0.314
0.312
0.311
0.312
0.311
0.311
0.31
0.31
0.309
0.31
0.309
0.309
0.308
0.309
0.308
0.308
0.308
0.308
0.307
0.307
0.307
0.306
0.306
0.306
0.306
0.307
0.379
0.523
0.521
0.518
2.134
2.699
2.697
2.298
0.978
0.871
0.515
0.515
0.515
0.514
0.514
0.515
0.514
0.514
0.276
0.18
0.18
0.18
0.18
0.18
0.18
0.18
0.18
0.18
0.18
0.18
0.18
0.18
0.18
0.18
0.18
0.18
0.18
0.305
0.341
0.316
0.302
0.295
0.3
0.317
0.323
0.326
0.326
0.326
0.325
0.325
0.324
0.323
0.322
0.323
0.325
0.331
0.333
0.334
0.334
0.334
0.334
0.334
0.335
0.334
0.335
0.335
0.331
0.324
0.321
0.319
0.317
0.855
2.468
2.477
1.937
0.775
0.628
0.312
0.312
0.311
0.311
0.311
0.311
0.31
0.31
0.309
0.31
0.309
0.309
0.308
0.308
0.308
0.308
0.308
0.307
0.307
0.307
0.307
0.307
0.306
0.306
0.306
0.306
0.306
0.306
0.306
0.305
0.305
0.306
0.308
0.309
0.309
0.31
0.31
0.31
0.31
0.31
0.31
0.31
0.31
0.309
0.307
0.222
0.18
0.179
0.179
0.179
0.179
0.179
0.179
0.179
0.18
0.179
0.179
0.179
0.179
0.179
0.18
0.179
0.179
0.179
0.414
0.472
0.522
0.454
0.453
0.452
0.573
0.604
0.597
0.597
0.597
0.597
0.599
0.599
0.599
0.6
0.599
0.6
0.593
0.588
0.585
0.583
0.582
0.582
0.583
0.585
0.585
0.584
0.617
0.631
0.629
0.629
0.627
0.621
0.6
0.603
0.601
0.601
0.61
0.611
0.611
0.611
0.609
0.608
0.655
0.68
1.41
1.797
1.192
1.957
1.958
1.206
1.318
0.558
0.462
0.452
0.941
1.157
1.396
1.607
1.681
1.784
1.513
1.757
0.428
0.37
0.363
0.733
2.171
2.355
0.435
0.408
0.407
0.527
0.592
0.508
0.465
0.509
0.45
0.447
0.421
0.425
0.513
0.411
0.408
0.406
0.405
0.347
0.288
0.288
0.287
0.286
0.286
0.286
0.285
0.285
0.285
0.284
0.283
0.283
0.283
0.283
0.282
0.217
0.166
0.167
0.166
0.165
0.162
0.161
0.161
0.161
0.162
0.162
0.163
0.166
0.166
0.166
0.166
0.287
0.316
0.308
0.308
0.308
0.307
0.304
0.297
0.292
0.288
0.288
0.287
0.287
0.285
0.285
0.284
0.284
0.283
0.282
0.283
0.282
0.282
0.282
0.281
0.281
0.281
0.28
0.23
0.166
0.167
0.167
0.164
0.161
0.162
0.162
0.163
0.163
0.163
0.162
0.163
0.163
0.163
0.163
0.163
0.163
0.163
0.306
0.299
0.293
0.299
0.301
0.303
0.303
0.304
0.304
0.305
0.305
0.301
0.294
0.291
0.289
0.287
0.286
0.286
0.285
0.285
0.285
0.285
0.283
0.282
0.283
0.283
0.282
0.282
0.264
0.165
0.165
0.165
0.165
0.162
0.16
0.16
0.16
0.16
0.16
0.16
0.16
0.16
0.16
0.161
0.161
0.16
0.19
0.319
0.298
0.293
0.292
0.289
0.288
0.287
0.287
0.286
0.285
0.285
0.286
0.295
0.298
0.3
0.301
0.301
0.303
0.303
0.302
0.295
0.291
0.288
0.286
0.285
0.285
0.283
0.283
0.283
0.282
0.281
0.282
0.281
0.179
0.169
0.165
0.164
0.161
0.16
0.16
0.16
0.16
0.159
0.159
0.159
0.159
0.158
0.159
0.159
0.16
0.161
0.16
0.239
0.308
0.291
0.288
0.286
0.286
0.285
0.284
0.284
0.283
0.283
0.284
0.285
0.285
0.286
0.285
0.286
0.287
0.293
0.297
0.299
0.3
0.301
0.302
0.301
0.301
0.293
0.289
0.286
0.284
0.284
0.283
0.283
0.282
0.282
0.281
0.181
0.164
0.164
0.165
0.161
0.16
0.16
0.16
0.16
0.161
0.161
0.16
0.16
0.16
0.16
0.16
0.16
0.16
0.16
0.16
0.25
0.305
0.291
0.288
0.287
0.286
0.285
0.284
0.284
0.285
0.284
0.283
0.283
0.283
0.283
0.283
0.288
0.283
0.282
0.219
0.165
0.166
0.165
0.165
0.165
0.166
0.165
0.165
0.164
0.16
0.251
0.314
0.298
0.294
0.293
0.291
0.29
0.289
0.288
0.288
0.287
0.286
0.285
0.285
0.287
0.287
0.287
0.287
0.287
0.287
0.287
0.287
0.287
0.287
0.267
0.164
0.164
0.164
0.165
0.159
0.16
0.159
0.159
0.16
0.159
0.159
0.16
0.16
0.159
0.16
0.159
0.159
0.17
0.315
0.297
0.291
0.293
0.299
0.301
0.303
0.304
0.304
0.304
0.305
0.304
0.296
0.292
0.289
0.288
0.287
0.286
0.286
0.285
0.285
0.284
0.284
0.283
0.283
0.283
0.283
0.283
0.269
0.164
0.164
0.164
0.164
0.162
0.158
0.159
0.158
0.158
0.159
0.159
0.159
0.159
0.159
0.159
0.159
0.16
0.159
0.159
0.294
0.302
0.293
0.292
0.291
0.29
0.289
0.289
0.288
0.287
0.285
0.285
0.284
0.283
0.284
0.292
0.296
0.298
0.3
0.301
0.302
0.302
0.3
0.294
0.289
0.287
0.286
0.285
0.284
0.283
0.283
0.283
0.282
0.282
0.258
0.164
0.165
0.166
0.166
0.161
0.159
0.158
0.158
0.158
0.159
0.159
0.167
0.159
0.159
0.159
0.159
0.159
0.159
0.159
0.208
0.311
0.292
0.289
0.288
0.286
0.287
0.286
0.286
0.286
0.285
0.285
0.285
0.285
0.286
0.287
0.287
0.287
0.287
0.287
0.289
0.295
0.178
0.166
0.167
0.166
0.165
0.165
0.165
0.161
0.16
0.16
0.176
0.325
0.301
0.295
0.292
0.291
0.29
0.289
0.288
0.288
0.287
0.286
0.286
0.286
0.285
0.285
0.284
0.285
0.284
0.284
0.284
0.283
0.283
0.283
0.282
0.283
0.282
0.282
0.283
0.281
0.281
0.282
0.281
0.281
0.281
0.416
0.491
0.488
0.484
0.48
0.482
0.482
0.481
0.478
0.479
0.479
0.479
0.479
0.479
0.478
0.477
0.326
0.154
0.154
0.154
0.154
0.154
0.154
0.154
0.154
0.154
0.154
0.154
0.155
0.155
0.154
0.154
0.154
0.155
0.155
0.154
0.309
0.307
0.285
0.274
0.267
0.28
0.3
0.308
0.312
0.313
0.313
0.314
0.314
0.314
0.313
0.313
0.313
0.313
0.311
0.306
0.302
0.3
0.299
0.298
0.297
0.297
0.296
0.296
0.294
0.294
0.293
0.293
0.293
0.293
0.292
0.291
0.291
2.462
2.759
2.744
2.746
2.758
2.737
2.724
2.724
2.741
2.731
2.732
2.725
2.714
2.714
2.712
2.707
2.721
2.725
2.725
2.717
2.71
2.709
2.728
2.744
2.731
2.727
2.72
2.715
2.714
2.717
2.715
2.708
2.717
2.715
2.714
2.713
2.71
2.692
2.7
2.694
2.708
2.732
2.754
2.752
2.745
2.75
2.751
2.74
2.792
2.805
2.794
2.773
2.77
2.76
2.759
2.766
2.76
2.746
2.735
2.75
2.751
2.744
2.757
2.761
2.757
2.75
2.759
2.76
2.764
2.872
2.864
3.535
4.252
3.737
5.228
5.26
5.88
7.038
5.995
5.998
5.987
5.978
5.977
5.976
5.989
5.976
5.982
5.982
5.982
5.987
5.987
6.143
6.156
6.147
6.154
6.143
6.154
6.133
6.118
6.115
6.128
6.135
6.135
6.127
6.129
6.134
6.138
6.136
6.142
6.139
6.135
6.127
6.128
6.126
6.105
6.1
6.099
6.098
6.178
6.186
5.077
4.238
3.96
3.734
3.736
4.96
6.21
6.19
6.088
6.081
6.089
6.09
6.087
6.081
6.089
6.09
6.086
6.081
6.064
6.058
6.058
6.063
6.068
6.082
6.081
6.089
6.224
6.209
6.208
6.202
6.193
6.09
6.061
6.059
5.603
4.144
4.033
3.819
3.661
3.647
3.684
4.358
6.129
5.948
5.725
5.391
5.042
4.644
4.367
4.136
2.994
2.799
2.791
2.795
2.798
2.797
2.786
2.828
2.959
2.936
2.932
2.779
0.972
0.937
0.474
0.472
0.471
0.469
2.425
3.364
3.683
3.936
3.964
3.964
3.967
3.967
3.931
3.885
3.881
3.898
3.813
3.776
3.778
3.779
3.739
3.678
3.673
3.682
3.682
3.697
3.724
3.721
3.71
3.707
3.705
3.704
3.697
3.672
3.664
3.81
3.794
3.787
3.788
3.782
3.785
3.782
3.777
3.777
3.768
3.626
3.468
3.472
3.5
3.52
3.606
4.025
3.952
3.95
3.95
3.867
3.438
3.43
3.418
3.411
3.429
3.401
3.403
3.366
3.283
3.094
3.087
3.111
3.082
3.165
3.253
3.138
2.97
2.962
3.138
2.926
2.866
2.838
3.294
3.528
3.047
3.142
4.256
4.397
4.392
3.938
2.813
2.843
2.826
2.824
2.821
2.823
2.822
2.82
2.819
2.816
1.564
0.93
0.614
0.435
0.434
0.433
0.432
0.431
0.432
1.838
2.794
2.797
2.793
2.787
2.791
2.784
2.816
2.818
2.822
2.841
2.84
2.838
2.839
2.838
1.424
0.85
0.505
0.363
0.614
0.584
0.359
0.359
0.39
0.329
0.417
0.501
0.505
0.484
0.483
0.482
0.655
1.253
2.966
2.976
2.975
2.994
2.986
2.862
2.723
2.78
2.727
2.02
0.984
0.765
0.464
0.463
0.462
0.462
0.46
0.451
0.445
0.445
0.447
0.537
0.549
0.547
0.547
1.847
2.772
2.774
2.772
2.773
2.768
2.768
2.768
2.766
2.756
0.937
0.905
0.457
0.428
0.428
0.428
0.427
0.427
0.438
0.587
0.569
0.563
0.561
2.154
2.915
2.914
2.909
2.909
2.913
2.909
2.909
2.594
1.079
0.981
0.556
0.556
0.555
0.555
0.555
0.553
0.552
0.552
0.551
1.185
2.878
2.884
2.884
2.887
2.886
2.772
2.745
2.648
2.595
0.901
0.737
0.365
0.3
0.301
0.301
0.3
0.301
0.301
0.302
0.301
0.298
0.282
0.235
0.234
0.374
0.373
0.366
0.363
0.362
0.361
1.362
2.67
2.675
2.672
2.671
2.673
2.673
2.667
1.702
0.818
0.592
0.37
0.372
0.372
0.374
0.374
0.374
0.374
0.372
0.365
0.362
0.36
0.358
0.358
0.356
0.356
0.354
0.353
0.271
0.237
