-0.13
0.229
10.183
0.028
-1.118
-2.239
-1.389
+1.37
11.237
11.24
11.237
11.24
10.414
10.22
0.192
0.191
0.132
0.132
0.132
0.132
0.132
0.131
0.145
0.147
0.13
0.129
0.13
0.129
0.129
0.1779
0.129
0.1729
0.129
0.1754
0.189
0.189
0.1879
0.19
0.19
0.189
0.1878
0.189
0.189
0.188
0.189
0.215
0.261
0.231
0.2729
0.229
0.229
0.2278
0.228
0.417
1.315
1.323
1.3727
1.32
1.325
1.324
0.834
0.307
0.232
0.2277
0.227
0.145
0.13
0.129
0.13
0.13
0.136
0.188
0.188
0.188
0.188
0.189
0.168
0.129
0.13
0.13
0.13
0.13
0.129
0.13
0.129
0.13
0.13
0.13
0.13
0.129
0.13
0.129
0.129
0.129
0.174
0.188
0.186
0.185
0.185
0.185
0.185
0.186
0.186
0.186
0.186
0.185
0.185
0.126
0.126
0.126
0.126
0.126
0.126
0.249
0.229
0.268
0.287
0.287
1.196
1.371
1.395
1.37
1.369
1.22
0.366
0.318
0.284
0.284
0.284
0.284
0.309
0.343
0.275
0.245
0.245
0.245
0.244
0.204
0.185
0.186
0.186
0.211
0.337
0.336
0.335
0.232
0.186
0.186
0.169
0.126
0.126
0.126
0.128
0.128
0.152
0.185
0.202
0.216
0.214
0.212
0.212
0.212
0.212
0.965
0.664
0.768
0.684
0.192
0.154
0.176
0.296
0.951
0.88
0.354
0.153
0.169
0.139
0.375
1.304
1.307
1.306
1.305
1.305
0.825
0.308
0.232
0.226
0.226
0.225
0.225
0.23
0.283
0.283
0.283
0.283
0.283
0.283
0.282
0.223
0.203
0.126
0.126
0.126
0.126
0.126
0.126
0.126
0.126
0.126
0.126
0.126
0.126
0.126
0.126
0.171
0.185
0.189
0.186
0.186
0.186
0.192
0.192
1.051
1.205
1.207
1.202
1.2
0.748
0.217
0.143
0.128
0.127
0.124
0.124
0.124
0.123
0.123
0.123
0.122
0.122
0.122
0.126
0.128
0.128
0.154
0.187
0.187
0.187
0.312
0.291
0.289
0.286
0.286
0.285
0.284
0.284
0.283
0.283
0.262
0.223
0.223
0.222
0.222
0.222
0.222
0.222
0.222
0.219
0.124
0.124
0.124
0.124
0.124
0.124
0.316
1.175
1.185
1.186
1.184
1.185
0.717
0.209
0.185
0.185
0.185
0.185
0.186
0.185
0.127
0.127
0.126
0.126
0.126
0.126
0.125
0.125
0.125
0.125
0.124
0.125
0.125
0.125
0.125
0.125
0.131
0.183
0.184
0.184
0.184
0.184
0.185
0.185
0.185
0.185
0.185
0.185
0.212
0.299
0.249
0.228
0.227
0.227
0.226
0.226
0.225
0.225
1.114
1.274
1.276
1.275
1.274
1.133
0.305
0.271
0.234
0.224
0.184
0.126
0.126
0.126
0.17
0.185
0.185
0.184
0.184
0.184
0.184
0.184
0.165
0.126
0.126
0.126
0.126
0.126
0.126
0.126
0.126
0.126
0.125
0.125
0.125
0.125
0.125
0.125
0.15
0.184
0.184
0.185
0.185
0.185
0.185
0.185
0.185
0.185
0.185
0.185
0.185
0.702
1.159
1.163
1.165
1.162
1.163
0.387
0.186
0.126
0.214
0.232
0.228
0.228
0.227
0.227
0.226
0.227
0.228
0.228
0.227
0.227
0.227
0.227
0.227
0.232
0.285
0.286
0.287
0.283
0.187
0.188
0.189
0.148
0.128
0.129
0.129
0.13
0.13
0.13
0.129
0.129
0.129
0.129
0.13
0.121
0.117
0.117
0.117
0.111
0.111
0.125
0.181
0.17
0.17
0.998
1.147
1.146
1.145
1.146
1.007
0.193
0.179
0.154
0.131
0.11
0.11
0.11
0.11
0.11
0.104
0.104
0.104
0.105
0.107
0.106
0.106
0.106
0.106
0.14
0.219
0.209
0.252
0.266
0.266
0.265
0.267
0.27
0.278
0.277
0.276
0.276
0.276
0.276
0.217
0.217
0.217
0.217
0.227
0.421
0.439
0.447
0.452
0.459
0.465
0.467
0.467
0.466
0.468
0.477
0.535
0.535
0.561
0.603
0.606
0.578
0.318
0.849
1.955
1.449
1.79
0.292
1.616
1.283
1.285
1.29
1.303
1.317
1.316
1.314
1.306
0.551
0.395
0.618
1.639
0.324
0.758
0.357
0.997
1.952
1.242
0.656
1.644
1.476
0.342
0.326
0.324
0.324
0.322
0.346
0.538
1.391
1.391
1.392
1.422
1.386
1.389
1.394
1.396
1.39
1.392
0.568
0.352
0.29
0.29
0.29
0.29
0.244
0.191
0.208
0.198
0.191
0.191
0.385
1.299
1.314
1.3
1.298
1.307
1.305
1.303
1.326
1.198
1.383
1.904
0.774
0.246
0.219
0.217
0.248
0.361
0.36
0.36
0.372
0.515
0.713
0.715
0.663
0.613
1.592
1.764
1.747
1.817
1.863
1.858
1.847
1.823
1.701
1.414
0.577
0.412
0.546
0.817
2.408
3.213
2.132
1.533
1.302
0.688
0.862
0.747
0.594
1.28
1.478
1.473
1.467
1.453
1.455
1.455
1.449
1.452
1.453
1.235
0.293
0.245
0.21
0.21
0.21
0.21
0.231
0.272
0.291
0.373
0.404
1.159
1.326
1.328
1.328
1.319
1.326
1.332
1.335
1.338
0.838
0.278
0.201
0.195
0.199
0.313
0.338
0.341
0.342
0.341
0.348
0.398
0.835
0.853
0.866
0.87
1.931
2.098
2.419
2.229
2.308
2.397
2.084
2.026
2.177
2.059
1.171
0.749
0.453
0.388
0.35
0.353
0.857
0.908
1.016
0.963
0.815
1.108
0.823
0.519
0.512
1.474
1.686
1.68
1.864
1.948
1.957
1.962
1.972
1.98
1.976
1.96
1.818
0.882
0.754
0.7
0.701
0.685
0.678
0.679
0.675
0.673
1.651
1.852
2.253
2.377
1.759
2.879
2.715
2.307
2.855
2.8
1.535
0.597
0.513
0.711
0.673
0.689
2.484
3.08
1.948
1.769
1.835
1.82
1.808
1.784
1.774
1.795
1.334
0.742
0.663
0.657
0.657
0.662
0.667
0.666
0.666
1.308
1.875
1.87
1.872
1.87
1.868
1.858
1.861
1.862
1.86
1.868
1.847
1.57
1.574
1.599
1.597
1.735
2.053
1.154
0.91
0.845
0.758
0.746
0.745
0.74
0.741
1.345
1.956
1.966
1.96
1.967
1.964
1.964
1.969
1.967
1.977
1.051
0.804
0.742
0.718
0.728
0.576
0.558
1.878
0.784
1.453
3.34
2.627
1.809
1.808
2.623
2.112
1.888
1.891
2.32
2.818
1.755
0.746
1.078
0.686
0.685
0.697
0.768
0.707
0.703
0.927
1.989
1.968
1.964
1.955
1.934
1.936
2.03
1.985
1.992
1.982
1.844
0.961
0.911
0.874
0.873
0.872
0.871
0.862
0.708
0.853
1.953
1.949
1.871
1.843
1.842
1.849
1.843
1.841
1.841
1.843
1.682
0.677
0.629
0.592
0.593
0.595
0.594
0.594
0.59
0.869
1.869
1.878
1.874
1.87
1.856
1.838
1.852
1.857
1.864
1.878
1.72
0.707
0.659
0.619
0.619
0.619
0.619
0.62
0.62
0.823
1.88
1.942
2.003
2.028
2.026
2.026
2.022
2.023
2.019
2.028
1.865
0.869
0.832
0.746
0.706
0.707
0.704
0.704
0.705
1.325
1.956
2.074
2.071
2.134
2.193
2.191
2.177
2.119
2.09
2.078
2.083
2.074
2.045
2.031
2.019
2.026
2.056
1.5
0.87
0.792
0.784
0.787
0.79
0.791
0.79
0.783
0.86
1.033
2.033
2.039
2.045
2.042
2.036
2.038
2.027
2.025
2.028
2.071
2.067
2.052
2.054
1.978
1.917
1.908
1.899
1.891
1.889
1.773
0.832
0.764
0.72
0.724
0.59
0.468
0.448
1.028
1.658
1.823
1.678
1.665
2.182
1.681
1.78
1.65
1.653
1.648
1.673
1.657
1.676
1.7
1.716
1.697
1.659
1.043
1.23
0.996
1.046
0.99
0.958
1.037
1.023
0.977
1.647
2.238
2.761
2.692
2.561
2.701
2.634
2.761
2.734
2.647
2.704
2.717
3.134
2.476
2.653
2.71
2.865
2.621
2.773
2.643
2.752
2.591
2.622
2.619
2.735
2.574
2.613
2.558
2.717
2.593
1.974
1.444
1.359
1.508
1.627
1.469
2
2.547
2.124
1.694
1.81
1.507
1.515
1.529
1.784
1.743
1.547
1.521
1.521
1.522
1.509
1.515
1.584
1.791
1.647
1.626
1.629
1.628
1.612
1.639
1.755
1.941
1.75
1.736
1.734
1.746
1.749
1.76
1.779
1.658
0.659
0.821
0.764
0.661
0.534
0.483
0.609
0.96
1.811
1.776
1.77
1.766
1.748
1.921
1.934
1.784
1.786
1.778
1.767
1.757
1.705
1.658
1.683
1.636
1.467
1.461
1.46
1.455
1.449
1.706
1.639
1.104
0.489
0.341
0.538
0.418
0.314
0.507
1.608
1.817
1.56
1.555
1.553
1.589
1.749
1.554
1.553
1.55
1.548
1.702
1.747
1.633
1.63
1.63
1.624
1.802
1.623
1.517
1.364
0.893
0.477
0.313
0.219
0.219
0.217
0.474
0.256
0.216
0.217
0.885
1.65
1.426
1.426
1.422
1.47
1.541
1.534
1.517
1.512
1.508
1.677
1.512
1.514
1.509
1.514
1.505
1.652
1.509
0.59
0.34
0.305
0.526
0.278
0.28
0.279
0.397
0.464
1.287
1.504
1.487
1.618
1.434
1.413
1.428
1.475
1.532
1.591
1.466
1.463
1.465
1.468
1.562
1.504
1.463
1.461
1.464
1.467
1.071
0.327
0.259
0.286
0.412
0.379
0.246
0.244
0.244
0.648
1.542
1.459
1.46
1.46
1.624
1.539
1.508
1.507
1.508
1.513
1.687
1.513
1.506
1.507
1.513
1.615
1.724
1.603
1.603
1.074
0.469
0.609
0.417
0.387
0.386
0.386
0.628
0.414
0.976
1.582
1.62
1.792
1.589
1.591
1.587
1.59
1.686
1.638
1.528
1.495
1.494
1.488
1.621
1.492
1.504
1.521
1.373
0.419
0.514
0.423
0.295
0.3
0.304
0.464
0.396
0.3
0.297
1.265
1.693
1.52
1.487
1.485
1.485
1.481
1.483
1.618
1.483
1.48
1.486
1.489
1.483
0.972
0.547
0.302
0.296
0.255
0.514
0.267
0.265
0.264
0.266
0.696
1.558
1.546
1.542
1.535
1.667
1.564
1.536
1.536
1.535
1.536
1.533
1.026
0.551
0.365
0.47
0.787
0.746
0.638
0.636
0.636
0.754
1.727
1.79
1.791
1.79
1.794
1.795
1.827
1.9
1.8
1.807
1.667
0.797
0.298
0.263
0.353
0.534
0.325
0.324
0.32
0.323
0.769
1.89
3.126
2.641
2.43
3.148
2.458
1.607
1.584
1.585
1.089
0.537
0.633
0.423
0.422
0.422
0.523
0.578
0.421
0.42
1.37
1.679
1.692
1.572
1.574
1.572
1.574
1.57
1.571
1.574
1.569
1.57
1.571
1.617
1.406
0.434
0.406
0.572
0.433
0.522
0.493
0.665
0.473
1.39
1.597
1.597
1.597
1.667
1.691
1.607
1.606
1.604
1.68
1.605
1.595
0.815
0.508
0.457
0.5
0.581
0.347
0.318
0.318
0.32
0.403
0.543
0.323
0.324
0.324
1.319
1.657
1.459
1.455
1.455
1.454
1.453
1.453
1.452
0.616
0.424
0.5
0.321
0.321
0.321
0.501
0.402
0.297
0.298
0.299
0.562
1.236
1.431
1.433
1.431
1.432
1.43
1.427
1.553
1.046
0.534
0.575
0.401
0.401
0.401
0.615
0.451
0.402
0.424
0.413
0.522
0.322
0.365
0.402
1.472
1.64
1.532
1.531
1.494
1.426
1.428
1.297
0.381
0.333
0.467
0.36
0.302
0.302
0.311
0.558
0.357
0.364
0.232
0.397
0.495
0.225
0.216
0.217
0.913
1.554
1.319
1.306
1.303
1.307
1.304
0.959
0.266
0.234
0.371
0.238
0.296
0.288
0.47
0.376
0.287
0.286
0.299
0.551
0.284
0.284
0.283
0.378
0.494
0.283
0.307
0.343
1.009
1.581