-0.001
-0.001
-0.001
-0.001
-0.001
-0.001
-0.0011
-0.0011
-0.001
-9e-04
-8e-04
-8e-04
-8e-04
-8e-04
-8e-04
-8e-04
-8e-04
-8e-04
-8e-04
-8e-04
-8e-04
-8e-04
-8e-04
-8e-04
-8e-04
-8e-04
-8e-04
-8e-04
-8e-04
-8e-04
-8e-04
-8e-04
-8e-04
-8e-04
-8e-04
-8e-04
-8e-04
-8e-04
-8e-04
-8e-04
-8e-04
-8e-04
-8e-04
-8e-04
-8e-04
-8e-04
-8e-04
-8e-04
-8e-04
-8e-04
-8e-04
-8e-04
-8e-04
-8e-04
-8e-04
-8e-04
-8e-04
-8e-04
-8e-04
-8e-04
-8e-04
-8e-04
-8e-04
-8e-04
-8e-04
-8e-04
-8e-04
-8e-04
-8e-04
-8e-04
-8e-04
-8e-04
-8e-04
-8e-04
-9e-04
-9e-04
-9e-04
-8e-04
-0.001
-0.0011
-0.0011
-0.0011
-0.0011
-0.0011
-0.0011
-0.0011
-0.0011
-0.0011
-0.0011
-0.0011
-0.0011
-0.0011
-0.0011
-0.0011
-0.0011
-0.001
-0.001
-8e-04
-8e-04
-8e-04
-9e-04
-8e-04
-9e-04
-8e-04
-8e-04
-8e-04
-9e-04
-9e-04
-9e-04
-8e-04
-8e-04
-8e-04
-8e-04
-8e-04
-8e-04
-9e-04
-9e-04
-9e-04
-9e-04
-9e-04
-9e-04
-9e-04
-9e-04
-9e-04
-9e-04
-8e-04
-9e-04
-9e-04
-9e-04
-9e-04
-9e-04
-9e-04
-9e-04
-9e-04
-9e-04
-9e-04
-9e-04
-9e-04
-9e-04
-9e-04
-9e-04
-9e-04
-9e-04
-9e-04
-9e-04
-9e-04
-9e-04
-9e-04
-9e-04
-9e-04
-9e-04
-9e-04
-9e-04
-9e-04
-9e-04
-9e-04
-9e-04
-9e-04
-9e-04
-9e-04
-9e-04
-0.0011
-0.0011
-0.0011
-0.0011
-0.0011
-0.0011
-0.0011
-0.0011
-0.0011
-0.0011
-0.0011
-0.0011
-0.0011
-0.0011
-0.0011
-0.0011
-0.0011
-0.001
-9e-04
-9e-04
-9e-04
-9e-04
-8e-04
-9e-04
-8e-04
-9e-04
-9e-04
-8e-04
-8e-04
-8e-04
-8e-04
-8e-04
-8e-04
-8e-04
-8e-04
-8e-04
-8e-04
-8e-04
-8e-04
-8e-04
-8e-04
-8e-04
-8e-04
-8e-04
-8e-04
-8e-04
-8e-04
-8e-04
-8e-04
-8e-04
-8e-04
-8e-04
-8e-04
-8e-04
-8e-04
-8e-04
-8e-04
-8e-04
-8e-04
-8e-04
-8e-04
-8e-04
-8e-04
-8e-04
-8e-04
-8e-04
-8e-04
-8e-04
-8e-04
-8e-04
-8e-04
-8e-04
-8e-04
-8e-04
-8e-04
-8e-04
-8e-04
-8e-04
-8e-04
-8e-04
-8e-04
-8e-04
-9e-04
-8e-04
-8e-04
-8e-04
-9e-04
-8e-04
-9e-04
-8e-04
-9e-04
-8e-04
-8e-04
-8e-04
-8e-04
-8e-04
-8e-04
-8e-04
-8e-04
-8e-04
-8e-04
-8e-04
-8e-04
-8e-04
-8e-04
-8e-04
-8e-04
-8e-04
-8e-04
-8e-04
-8e-04
-8e-04
-8e-04
-8e-04
-9e-04
-8e-04
-8e-04
-8e-04
-8e-04
-8e-04
-8e-04
-9e-04
-9e-04
-9e-04
-9e-04
-9e-04
-9e-04
-9e-04
-9e-04
-9e-04
-9e-04
-9e-04
-9e-04
-9e-04
-9e-04
-9e-04
-9e-04
-9e-04
-9e-04
-9e-04
-9e-04
-9e-04
-9e-04
-9e-04
-9e-04
-0.0011
-0.0011
-0.0011
-0.0011
-0.0011
-0.0011
-0.0011
-0.0011
-0.0011
-0.0011
-0.0011
-0.0011
-0.0011
-0.0011
-0.0011
-0.0011
-9e-04
-9e-04
-9e-04
-9e-04
-9e-04
-9e-04
-9e-04
-9e-04
-9e-04
-9e-04
-9e-04
-9e-04
-9e-04
-9e-04
-9e-04
-9e-04
-9e-04
-9e-04
-0.0011
-0.0011
-0.0011
-0.0011
-0.0011
-0.0011
-0.0011
-0.0011
-0.0011
-0.0011
-0.0011
-0.0011
-0.0011
-0.0011
-0.0011
-0.001
-9e-04
-9e-04
-9e-04
-9e-04
-8e-04
-9e-04
-8e-04
-8e-04
-8e-04
-8e-04
-8e-04
-8e-04
-8e-04
-9e-04
-9e-04
-9e-04
-9e-04
-9e-04
-0.001
-0.0011
-0.0011
-0.0011
-0.0011
-0.0011
-0.0011
-0.0011
-0.0011
-0.0011
-0.0011
-0.0011
-0.0011
-0.0011
-0.0013
-0.0014
-0.0017
-0.0013
-0.0015
-0.0014
-0.0012
-0.0012
-0.0013
-0.0011
-0.0011
-0.0011
-0.001
-0.001
-8e-04
-8e-04
-9e-04
-6e-04
-5e-04
-4e-04
-2e-04
-1e-04
1e-04
3e-04
5e-04
7e-04
8e-04
0.001
0.0012
0.0011
0.0023
0.0024
0.0027
0.0029
0.0032
0.0035
0.0038
0.0044
0.0054
0.0058
0.0084
0.0112
0.0094
0.0117
0.0135
0.0103
0.0088
0.0081
0.0109
0.0108
0.0122
0.0086
0.0099
0.0108
0.0105
0.0095
0.0088
0.01
0.0112
0.014
0.0133
0.0108
0.0112
0.0114
0.0118
0.0138
0.0195
0.0232
0.0244
0.0249
0.0243
0.0282
0.0284
0.0291
0.0296
0.0285
0.0274
0.0296
0.0334
0.0281
0.0253
0.0327
0.0332
0.0263
0.0338
0.0426
0.0456
0.0515
0.0475
0.0402
0.0404
0.0414
0.0438
0.0475
0.045
0.0448
0.0479
0.0478
0.0482
0.0472
0.0557
0.0611
0.0617
0.051
0.0439
0.0456
0.0346
0.0384
0.0373
0.0375
0.0383
0.0394
0.0407
0.0422
0.0431
0.0444
0.046
0.0475
0.0494
0.051
0.051
0.0528
0.0552
0.0594
0.0622
0.0655
0.059
0.0725
0.0725
0.0778
0.0775
0.074
0.1005
0.1134
0.1045
0.0869
0.0931
0.0978
0.1018
0.0969
0.0997
0.1067
0.1222
0.1132
0.1091
0.1119
0.1038
0.1046
0.1023
0.0994
0.115
0.1161
0.1154
0.1206
0.1302
0.1319
0.1265
0.1281
0.1144
0.1371
0.1391
0.1413
0.1467
0.147
0.148
0.1576
0.1556
0.1557
0.1584
0.1614
0.1699
0.1752
0.1874
0.1913
0.1845
0.1929
0.1912
0.1933
0.189
0.1906
0.19
0.1734
0.1924
0.197
0.198
0.1998
0.2032
0.207
0.2086
0.2105
0.2015
0.1515
0.2178
0.2154
0.0272
0.1631
0.2162
0.2171
0.1722
0.2205
0.2218
0.1741
0.2229
0.208
0.2262
0.2277
0.2302
0.2325
0.2334
0.2349
0.2362
0.2401
0.2458
0.2465
0.2466
0.2452
0.2461
0.2468
0.2492
0.2492
0.2512
0.257
0.1858
0.2492
0.2589
0.2603
0.2615
0.2628
0.2644
0.2662
0.2667
0.2687
0.2703
0.2718
0.2732
0.2747
0.2764
0.2774
0.2787
0.2795
0.2809
0.2826
0.2839
0.2858
0.2877
0.2894
0.2913
0.2933
0.2948
0.2962
0.2968
0.298
0.2995
0.2998
0.301
0.302
0.3049
0.3071
0.3084
0.3088
0.3087
0.3104
0.3118
0.3124
0.3135
0.3145
0.3164
0.3184
0.3196
0.3212
0.3228
0.3245
0.3251
0.326
0.3265
0.3276
0.3291
0.33
0.3323
0.3331
0.3344
0.3366
0.3369
0.3375
0.3384
0.3397
0.3413
0.3424
0.3429
0.3428
0.3435
0.3436
0.3448
0.3455
0.347
0.3479
0.3495
0.3504
0.3504
0.3531
0.3531
0.3535
0.3544
0.3544
0.356
0.3561
0.3565
0.3564
0.3576
0.3582
0.3584
0.3607
0.3617
0.3625
0.3634
0.3633
0.3662
0.3662
0.3664
0.3661
0.3677
0.3686
0.3681
0.3682
0.3692
0.3687
0.3685
0.3697
0.37
0.3704
0.3705
0.3708
0.3708
0.3694
0.3711
0.3742
0.3756
0.3756
0.3764
0.3775
0.3788
0.3807
0.3823
0.3836
0.3845
0.3852
0.3856
0.3854
0.3852
0.3857
0.3866
0.3872
0.3874
0.3871
0.3874
0.3871
0.3873
0.387
0.3874
0.3888
0.3893
0.3915
0.394
0.3971
0.3995
0.3976
0.3969
0.3945
0.3943
0.3965
0.4007
0.4009
0.397
0.3966
0.3983
0.3999
0.4007
0.3999
0.3961
0.398
0.397
0.4013
0.3226
0.3788
0.4021
0.4039
0.4007
0.3964
0.3958
0.3944
0.3936
0.3939
0.3943
0.3943
0.3942
0.396
0.3959
0.3951
0.3955
0.3955
0.3961
0.3952
0.4018
0.4029
0.4083
0.4102
0.4136
0.4204
0.4132
0.4222
0.3992
0.3949
0.4133
0.4115
0.4108
0.4069
0.3998
0.4014
0.4033
0.4054
0.4045
0.4063
0.4084
0.4073
0.4056
0.4038
0.404
0.3722
0.1828
0.3642
0.4072
0.4008
0.4015
0.4031
0.4001
0.4031
0.4007
0.3968
0.3982
0.398
0.3976
0.3987
0.3985
0.3997
0.3992
0.3979
0.397
0.3979
0.3967
0.3953
0.3958
0.3961
0.3951
0.3969
0.3969
0.3954
0.3953
0.3957
0.3958
0.3963
0.3978
0.3889
0.3884
0.3911
0.3921
0.3887
0.3885
0.3892
0.3886
0.3872
0.3868
0.3876
0.3866
0.3856
0.3846
0.3837
0.384
0.3837
0.3839
0.3833
0.3823
0.3814
0.3813
0.3809
0.3815
0.3803
0.3797
0.3786
0.3791
0.377
0.3737
0.3738
0.351
0.3344
0.3738
0.3736
0.3735
0.3726
0.3728
0.3711
0.3706
0.3694
0.3696
0.3695
0.3706
0.3688
0.3655
0.3638
0.3635
0.3634
0.3638
0.3636
0.3638
0.3626
0.3615
0.3594
0.357
0.3557
0.351
0.3522
0.3505
0.3533
0.3527
0.3513
0.3504
0.3494
0.3476
0.348
0.3471
0.3423
0.3414
0.3468
0.3429
0.0988
0.12
0.2682
0.3472
0.3445
0.3413
0.3384
0.337
0.336
0.3339
0.3324
0.3322
0.3311
0.3235
0.3276
0.3295
0.3292
0.3263
0.3263
0.3254
0.3242
0.324
0.323
0.3237
0.3233
0.324
0.3256
0.3264
0.3283
0.3313
0.3337
0.3356
0.3304
0.3253
0.3225
0.3186
0.1842
0.2783
0.2982
0.099
0.1514
0.3143
0.3093
0.3162
0.3187
0.3194
0.1926
0.0625
0.079
0.2626
0.084
0.0777
0.0649
0.1432
0.1007
0.2616
0.2941
0.2906
0.2847
0.281
0.2786
0.2729
0.2715
0.269
0.2641
0.2701
0.2698
0.2579
0.2752
0.2701
0.2214
0.224
0.2692
0.2635
0.2124
0.1613
0.1991
0.1476
0.0338
0.0834
0.2497
0.2448
0.2384
0.2348
0.23
0.2292
0.2356
0.237
0.2379
0.2386
0.2418
0.2452
0.2479
0.2488
0.2409
0.204
0.1734
0.1456
0.0532
0.1656
0.2055
0.2017
0.1956
0.1032
0.0734
0.1098
0.203
0.2029
0.199
0.1912
0.1781
0.172
0.1703
0.1754
0.1774
0.1623
0.17
0.1682
0.169
0.1654
0.1569
0.1568
0.1604
0.1611
0.1388
0.1473
0.1473
0.1434
0.1451
0.1437
0.1418
0.1394
0.1382
0.1364
0.1341
0.1317
0.1302
0.1283
0.1239
0.117
0.11
0.1049
0.1008
0.1088
0.1117
0.1102
0.108
0.1069
0.1052
0.1015
0.0964
0.0912
0.0879
0.0937
0.0934
0.0915
0.0892
0.0854
0.0802
0.0753
0.0729
0.0741
0.0726
0.072
0.0712
0.0704
0.0683
0.0668
0.0664
0.065
0.0633
0.0611
0.058
0.0565
0.0553
0.0548
0.0525
0.049
0.044
0.0406
0.0385
0.0368
0.0311
0.0169
0.0303
0.0335
0.0327
0.032
0.0302
0.0287
0.0269
0.0249
0.0242
0.0248
0.0249
0.0246
0.0256
0.0262
0.0268
0.0273
0.0282
0.0295
0.0299
0.0283
0.0266
0.0242
0.0227
0.0227
0.023
0.024
0.0246
0.0243
0.0247
0.0269
0.0259
0.0248
0.024
0.0239
0.0243
0.025
0.0256
0.0252
0.0234
0.0206
0.0179
0.0159
0.0148
0.0142
0.0138
0.0134
0.013
0.0129
0.0126
0.0125
0.0123
0.0123
0.0124
0.0127
0.0131
0.0133
0.0136
0.0136
0.0141
0.0148
0.0151
0.0154
0.0154
0.0151
0.0144
0.0135
0.0127
0.0122
0.0116
0.0117
0.0117
0.0113
0.0104
0.0095
0.0087
0.0083
0.0078
0.0075
0.0071
0.0068
0.0068
0.0066
0.0064
0.0062
0.0059
0.0056
0.0043
0.0047
0.0044
0.0041
0.0038
0.0034
0.0032
0.0029
0.0026
0.0023
0.0017
0.0018
0.0015
0.0013
0.001
8e-04
5e-04
2e-04
0
-2e-04
-6e-04
-9e-04
-0.001
-0.001
-0.0011
-0.0011
-0.0011
-0.0011
-0.0011
-0.0011
-0.0011
-0.0011
-0.0011
-0.0011
-0.0011
-0.0011
-0.0011
-0.0011
-0.0011
-0.0011
-0.0011
-0.0011
-0.0011
-0.0011
-0.0011
-0.0011
-0.0011
-0.0011
-0.0011
-0.0011
-0.0011
-0.0011
-0.0011
-0.0011
-0.0011
-0.0011
-0.0011
-0.001
-0.001
-9e-04
-9e-04
-9e-04
-8e-04
-8e-04
-9e-04
-8e-04
-9e-04
-8e-04
-8e-04
-8e-04
-9e-04
-9e-04
-9e-04
-9e-04
-9e-04
-9e-04
-9e-04
-9e-04
-9e-04
-9e-04
-9e-04
-9e-04
-9e-04
-9e-04
-9e-04
-8e-04
-8e-04
-8e-04
-8e-04
-9e-04
-9e-04
-0.0011
-0.0011
-0.0011
-0.0011
-0.0011
-0.0011
-0.0011
-0.0011
-0.0011
-0.0011
-0.0011
-0.0011
-0.0011
-0.0011
-0.0011
-0.0011
-0.0011
-0.0011
-0.0011
-0.0011
-0.0011
-0.0011
-0.0011
-0.0011
-0.0011
-0.0011
-0.0011
-0.0011
-0.0011
-0.0011
-0.0011
-0.0011
-0.0011
-0.0011
-0.0011
-0.0011
-0.0011
-0.0011
-0.0011
-0.0011
-0.0011
-0.001
-9e-04
-9e-04
-9e-04
-8e-04
-8e-04
-8e-04
-8e-04
-8e-04
-8e-04
-8e-04
-8e-04
-8e-04
-8e-04
-8e-04
-8e-04
-0.001
-0.0011
-0.0011
-0.0011
-0.0011
-0.0011
-0.0011
-0.0011
-0.0011
-0.0011
-0.0011
-0.0011
-0.0011
-0.0011
-0.0011
-0.0011
-0.0011
-0.0011
-0.0011
-0.0011
-0.0011
-0.0011
-0.0011
-0.0011
-0.0011
-0.0011
-0.0011
-0.0011
-0.0011
-0.0011
-0.0011
-0.0011
-0.0011
-0.0011
-0.0011
-0.0011
-0.0011
-0.0011
-0.0011
-0.0011
-0.0011
-0.001
-0.001
-9e-04
-8e-04
-8e-04
-8e-04
-8e-04
-8e-04
-8e-04
-8e-04
-8e-04
-8e-04
-8e-04
-8e-04
-8e-04
-8e-04
-8e-04
-8e-04
-8e-04
-8e-04
-8e-04
-8e-04
-8e-04
-8e-04
-8e-04
-8e-04
-8e-04
-9e-04
-9e-04
-9e-04
-9e-04
-9e-04
-9e-04
-9e-04
-9e-04
-9e-04
-9e-04
-9e-04
-9e-04
-9e-04
-9e-04
-9e-04
-0.001
-9e-04
-0.001
-9e-04
-9e-04
-8e-04
-8e-04
-9e-04
-0.0011
-0.001
-0.001
-0.001
-0.0011
-0.0011
-0.0011
-0.0011
-0.0011
-0.0011
-0.0011
