1.924
1.872
1.686
1.253
1.216
1.317
1.322
1.183
1.009
1.117
1.1
1.189
1.206
1.023
0.979
1.2
1.088
0.958
1.011
1.214
1.18
1.357
1.437
1.417
1.966
2.245
2.986
3.076
3.459
3.536
3.877
3.953
3.573
4.106
3.373
4.075
3.897
3.843
3.85
3.72
3.477
3.101
3.418
3.17
3.672
2.97
2.953
3.434
3.138
3.537
3.357
4.278
3.352
3.695
3.214
3.226
3.188
3.059
3.453
2.948
2.877
3.222
2.584
2.803
3.159
2.567
3.317
3.11
3.565
3.483
4.189
4.104
4.383
4.648
5.185
5.309
4.646
5.699
5.775
5.447
5.615
4.899
5.052
4.646
3.735
4.101
3.747
3.401
3.892
3.61
3.093
3.234
3.009
2.59
2.1
2.186
