1.756
1.836
1.393
1.42
1.21
1.215
1.079
1.143
1.189
1.034
0.993
1.065
1.169
1.07
1.11
0.96
1.128
1
1.208
1.035
1.114
1.175
1.183
1.716
1.925
2.155
2.574
3.402
3.535
3.896
3.737
4.177
3.56
4.235
3.35
3.714
3.572
0.897
3.659
0.147
0.486
3.195
0.298
3.557
0.673
0.16
0.496
3.077
3.225
0.996
4.133
0.428
3.709
0.263
3.896
3.846
3.135
3.454
2.821
2.782
3.381
2.978
2.929
2.794
2.678
3.228
2.884
2.957
2.956
3.166
3.811
4.132
3.805
4.536
4.439
4.642
5.777
5.862
4.914
5.376
5.238
4.971
5.078
4.675
4.177
3.779
3.837
4.088
3.659
3.569
2.866
2.961
3.074
2.531
2.427
1.938
