0.567
0.384
0.509
0.435
0.189
0.138
0.328
0.196
0.487
0.325
0.246
0.412
0.123
0.192
0.403
0.223
0.355
0.444
0.271
0.382
0.131
0.45
0.356
0.456
0.368
0.856
0.873
0.162
0.413
1.36
1.152
1.464
0.462
0.47
0.543
0.278
0.472
0.652
1.4
0.883
0.327
0.863
0.578
0.801
1.071
0.319
0.355
0.044
1.166
0.902
1.148
0.431
0.807
1.399
0.831
0.965
1.12
0.978
0.661
1.134
0.576
0.581
0.905
0.841
0.192
0.334
0.537
1.128
0.612
1.315
1.267
1.673
0.878
1.521
0.387
1.079
1.409
2.064
1.722
1.436
1.904
0.427
0.956
0.519
1.196
1.369
1.259
0.445
1.145
0.782
0.811
1.232
0.987
0.863
0.717
0.583
