1.832
1.847
1.625
1.392
1.423
1.322
1.094
1.074
1.077
1.042
1.207
1.194
1.124
1.001
0.946
1.156
1.194
1.065
0.988
0.999
1.262
1.284
1.504
1.68
2.154
2.318
2.961
3.023
3.752
3.703
3.78
3.611
3.842
4.192
4.047
3.941
3.598
3.182
3.762
3.018
3.072
2.987
3.516
3.591
2.902
3.178
3.459
3.725
3.694
3.228
3.894
4.063
3.726
3.619
3.175
3.37
3.689
3.256
3.132
3.239
3.395
3.136
2.647
3.117
2.769
2.912
2.859
2.753
2.921
3.319
3.496
4.164
4.457
4.463
4.97
4.879
5.849
5.182
4.666
4.925
4.935
4.494
5.13
4.245
4.407
4.034
3.855
4.184
3.851
3.203
3.208
2.839
2.843
2.299
2.583
2.103
