0.754
0.602
0.532
0.232
0.357
0.388
0.493
0.17
0.318
0.348
0.393
0.351
0.255
0.147
0.407
0.324
0.313
0.155
0.439
0.328
0.17
0.34
0.163
0.559
0.651
0.512
1.054
0.446
1.194
0.413
1.088
1.205
0.874
1.665
1.343
0.583
1.325
1.213
1.124
0.341
0.654
1.018
1.134
0.874
0.955
0.684
0.993
0.389
1.098
0.965
1.293
0.689
0.977
1.178
1.458
1.388
1.001
0.904
0.874
0.559
0.413
0.49
0.44
1.032
0.229
0.413
1.267
1.249
1.009
1.134
0.498
1.192
1.468
1.375
1.545
1.641
1.314
1.095
0.914
1.871
0.931
1.365
0.863
1.213
1.344
1.655
0.201
0.609
1.002
0.785
1.17
1.033
0.96
0.61
0.666
0.614
